example/dhm.asc
ncols 100 
nrows 100 
xllcorner 0.0 
yllcorner 0.0 
cellsize 10.0  
NODATA_value -9999.0
[rows 34 to 50 of 100, columns 0 to 36 of 100]
3.000000000000000000e+03 2.990000000000000000e+03 2.980000000000000000e+03 2.970000000000000000e+03 2.960000000000000000e+03 2.950000000000000000e+03 2.940000000000000000e+03 2.930000000000000000e+03 2.920000000000000000e+03 2.910000000000000000e+03 2.900000000000000000e+03 2.890000000000000000e+03 2.880000000000000000e+03 2.870000000000000000e+03 2.860000000000000000e+03 2.850000000000000000e+03 2.849000000000000000e+03 2.848000000000000000e+03 2.846000000000000000e+03 2.845000000000000000e+03 2.844000000000000000e+03 2.842000000000000000e+03 2.841000000000000000e+03 2.839000000000000000e+03 2.838000000000000000e+03 2.837000000000000000e+03 2.835000000000000000e+03 2.834000000000000000e+03 2.832000000000000000e+03 2.831000000000000000e+03 2.830000000000000000e+03 2.828000000000000000e+03 2.827000000000000000e+03 2.825000000000000000e+03 2.824000000000000000e+03 2.823000000000000000e+03 2.821000000000000000e+03
3.000000000000000000e+03 2.990000000000000000e+03 2.980000000000000000e+03 2.970000000000000000e+03 2.960000000000000000e+03 2.950000000000000000e+03 2.940000000000000000e+03 2.930000000000000000e+03 2.920000000000000000e+03 2.910000000000000000e+03 2.900000000000000000e+03 2.890000000000000000e+03 2.880000000000000000e+03 2.870000000000000000e+03 2.860000000000000000e+03 2.850000000000000000e+03 2.849000000000000000e+03 2.848000000000000000e+03 2.846000000000000000e+03 2.845000000000000000e+03 2.844000000000000000e+03 2.842000000000000000e+03 2.841000000000000000e+03 2.839000000000000000e+03 2.838000000000000000e+03 2.837000000000000000e+03 2.835000000000000000e+03 2.834000000000000000e+03 2.832000000000000000e+03 2.831000000000000000e+03 2.830000000000000000e+03 2.828000000000000000e+03 2.827000000000000000e+03 2.825000000000000000e+03 2.824000000000000000e+03 2.823000000000000000e+03 2.821000000000000000e+03
3.000000000000000000e+03 2.990000000000000000e+03 2.980000000000000000e+03 2.970000000000000000e+03 2.960000000000000000e+03 2.950000000000000000e+03 2.940000000000000000e+03 2.930000000000000000e+03 2.920000000000000000e+03 2.910000000000000000e+03 2.900000000000000000e+03 2.890000000000000000e+03 2.880000000000000000e+03 2.870000000000000000e+03 2.860000000000000000e+03 2.850000000000000000e+03 2.849000000000000000e+03 2.848000000000000000e+03 2.846000000000000000e+03 2.845000000000000000e+03 2.844000000000000000e+03 2.842000000000000000e+03 2.841000000000000000e+03 2.839000000000000000e+03 2.838000000000000000e+03 2.837000000000000000e+03 2.835000000000000000e+03 2.834000000000000000e+03 2.832000000000000000e+03 2.831000000000000000e+03 2.830000000000000000e+03 2.828000000000000000e+03 2.827000000000000000e+03 2.825000000000000000e+03 2.824000000000000000e+03 2.823000000000000000e+03 2.821000000000000000e+03
3.000000000000000000e+03 2.990000000000000000e+03 2.980000000000000000e+03 2.970000000000000000e+03 2.960000000000000000e+03 2.950000000000000000e+03 2.940000000000000000e+03 2.930000000000000000e+03 2.920000000000000000e+03 2.910000000000000000e+03 2.900000000000000000e+03 2.890000000000000000e+03 2.880000000000000000e+03 2.870000000000000000e+03 2.860000000000000000e+03 2.850000000000000000e+03 2.849000000000000000e+03 2.848000000000000000e+03 2.846000000000000000e+03 2.845000000000000000e+03 2.844000000000000000e+03 2.842000000000000000e+03 2.841000000000000000e+03 2.839000000000000000e+03 2.838000000000000000e+03 2.837000000000000000e+03 2.835000000000000000e+03 2.834000000000000000e+03 2.832000000000000000e+03 2.831000000000000000e+03 2.830000000000000000e+03 2.828000000000000000e+03 2.827000000000000000e+03 2.825000000000000000e+03 2.824000000000000000e+03 2.823000000000000000e+03 2.821000000000000000e+03
3.000000000000000000e+03 2.990000000000000000e+03 2.980000000000000000e+03 2.970000000000000000e+03 2.960000000000000000e+03 2.950000000000000000e+03 2.940000000000000000e+03 2.930000000000000000e+03 2.920000000000000000e+03 2.910000000000000000e+03 2.900000000000000000e+03 2.890000000000000000e+03 2.880000000000000000e+03 2.870000000000000000e+03 2.860000000000000000e+03 2.850000000000000000e+03 2.849000000000000000e+03 2.848000000000000000e+03 2.846000000000000000e+03 2.845000000000000000e+03 2.844000000000000000e+03 2.842000000000000000e+03 2.841000000000000000e+03 2.839000000000000000e+03 2.838000000000000000e+03 2.837000000000000000e+03 2.835000000000000000e+03 2.834000000000000000e+03 2.832000000000000000e+03 2.831000000000000000e+03 2.830000000000000000e+03 2.828000000000000000e+03 2.827000000000000000e+03 2.825000000000000000e+03 2.824000000000000000e+03 2.823000000000000000e+03 2.821000000000000000e+03
3.000000000000000000e+03 2.990000000000000000e+03 2.980000000000000000e+03 2.970000000000000000e+03 2.960000000000000000e+03 2.950000000000000000e+03 2.940000000000000000e+03 2.930000000000000000e+03 2.920000000000000000e+03 2.910000000000000000e+03 2.900000000000000000e+03 2.890000000000000000e+03 2.880000000000000000e+03 2.870000000000000000e+03 2.860000000000000000e+03 2.850000000000000000e+03 2.849000000000000000e+03 2.848000000000000000e+03 2.846000000000000000e+03 2.845000000000000000e+03 2.844000000000000000e+03 2.842000000000000000e+03 2.841000000000000000e+03 2.839000000000000000e+03 2.838000000000000000e+03 2.837000000000000000e+03 2.835000000000000000e+03 2.834000000000000000e+03 2.832000000000000000e+03 2.831000000000000000e+03 2.830000000000000000e+03 2.828000000000000000e+03 2.827000000000000000e+03 2.825000000000000000e+03 2.824000000000000000e+03 2.823000000000000000e+03 2.821000000000000000e+03
3.000000000000000000e+03 2.990000000000000000e+03 2.980000000000000000e+03 2.970000000000000000e+03 2.960000000000000000e+03 2.950000000000000000e+03 2.940000000000000000e+03 2.930000000000000000e+03 2.920000000000000000e+03 2.910000000000000000e+03 2.900000000000000000e+03 2.890000000000000000e+03 2.880000000000000000e+03 2.870000000000000000e+03 2.860000000000000000e+03 2.850000000000000000e+03 2.849000000000000000e+03 2.848000000000000000e+03 2.846000000000000000e+03 2.845000000000000000e+03 2.844000000000000000e+03 2.842000000000000000e+03 2.841000000000000000e+03 2.839000000000000000e+03 2.838000000000000000e+03 2.837000000000000000e+03 2.835000000000000000e+03 2.834000000000000000e+03 2.832000000000000000e+03 2.831000000000000000e+03 2.830000000000000000e+03 2.828000000000000000e+03 2.827000000000000000e+03 2.825000000000000000e+03 2.824000000000000000e+03 2.823000000000000000e+03 2.821000000000000000e+03
3.000000000000000000e+03 2.990000000000000000e+03 2.980000000000000000e+03 2.970000000000000000e+03 2.960000000000000000e+03 2.950000000000000000e+03 2.940000000000000000e+03 2.930000000000000000e+03 2.920000000000000000e+03 2.910000000000000000e+03 2.900000000000000000e+03 2.890000000000000000e+03 2.880000000000000000e+03 2.870000000000000000e+03 2.860000000000000000e+03 2.850000000000000000e+03 2.849000000000000000e+03 2.848000000000000000e+03 2.846000000000000000e+03 2.845000000000000000e+03 2.844000000000000000e+03 2.842000000000000000e+03 2.841000000000000000e+03 2.839000000000000000e+03 2.838000000000000000e+03 2.837000000000000000e+03 2.835000000000000000e+03 2.834000000000000000e+03 2.832000000000000000e+03 2.831000000000000000e+03 2.830000000000000000e+03 2.828000000000000000e+03 2.827000000000000000e+03 2.825000000000000000e+03 2.824000000000000000e+03 2.823000000000000000e+03 2.821000000000000000e+03
3.000000000000000000e+03 2.990000000000000000e+03 2.980000000000000000e+03 2.970000000000000000e+03 2.960000000000000000e+03 2.950000000000000000e+03 2.940000000000000000e+03 2.930000000000000000e+03 2.920000000000000000e+03 2.910000000000000000e+03 2.900000000000000000e+03 2.890000000000000000e+03 2.880000000000000000e+03 2.870000000000000000e+03 2.860000000000000000e+03 2.850000000000000000e+03 2.849000000000000000e+03 2.848000000000000000e+03 2.846000000000000000e+03 2.845000000000000000e+03 2.844000000000000000e+03 2.842000000000000000e+03 2.841000000000000000e+03 2.839000000000000000e+03 2.838000000000000000e+03 2.837000000000000000e+03 2.835000000000000000e+03 2.834000000000000000e+03 2.832000000000000000e+03 2.831000000000000000e+03 2.830000000000000000e+03 2.828000000000000000e+03 2.827000000000000000e+03 2.825000000000000000e+03 2.824000000000000000e+03 2.823000000000000000e+03 2.821000000000000000e+03
3.000000000000000000e+03 2.990000000000000000e+03 2.980000000000000000e+03 2.970000000000000000e+03 2.960000000000000000e+03 2.950000000000000000e+03 2.940000000000000000e+03 2.930000000000000000e+03 2.920000000000000000e+03 2.910000000000000000e+03 2.900000000000000000e+03 2.890000000000000000e+03 2.880000000000000000e+03 2.870000000000000000e+03 2.860000000000000000e+03 2.850000000000000000e+03 2.849000000000000000e+03 2.848000000000000000e+03 2.846000000000000000e+03 2.845000000000000000e+03 2.844000000000000000e+03 2.842000000000000000e+03 2.841000000000000000e+03 2.839000000000000000e+03 2.838000000000000000e+03 2.837000000000000000e+03 2.835000000000000000e+03 2.834000000000000000e+03 2.832000000000000000e+03 2.831000000000000000e+03 2.830000000000000000e+03 2.828000000000000000e+03 2.827000000000000000e+03 2.825000000000000000e+03 2.824000000000000000e+03 2.823000000000000000e+03 2.821000000000000000e+03
3.000000000000000000e+03 2.990000000000000000e+03 2.980000000000000000e+03 2.970000000000000000e+03 2.960000000000000000e+03 2.950000000000000000e+03 2.940000000000000000e+03 2.930000000000000000e+03 2.920000000000000000e+03 2.910000000000000000e+03 2.900000000000000000e+03 2.890000000000000000e+03 2.880000000000000000e+03 2.870000000000000000e+03 2.860000000000000000e+03 2.850000000000000000e+03 2.849000000000000000e+03 2.848000000000000000e+03 2.846000000000000000e+03 2.845000000000000000e+03 2.844000000000000000e+03 2.842000000000000000e+03 2.841000000000000000e+03 2.839000000000000000e+03 2.838000000000000000e+03 2.837000000000000000e+03 2.835000000000000000e+03 2.834000000000000000e+03 2.832000000000000000e+03 2.831000000000000000e+03 2.830000000000000000e+03 2.828000000000000000e+03 2.827000000000000000e+03 2.825000000000000000e+03 2.824000000000000000e+03 2.823000000000000000e+03 2.821000000000000000e+03
3.000000000000000000e+03 2.990000000000000000e+03 2.980000000000000000e+03 2.970000000000000000e+03 2.960000000000000000e+03 2.950000000000000000e+03 2.940000000000000000e+03 2.930000000000000000e+03 2.920000000000000000e+03 2.910000000000000000e+03 2.900000000000000000e+03 2.890000000000000000e+03 2.880000000000000000e+03 2.870000000000000000e+03 2.860000000000000000e+03 2.850000000000000000e+03 2.849000000000000000e+03 2.848000000000000000e+03 2.846000000000000000e+03 2.845000000000000000e+03 2.844000000000000000e+03 2.842000000000000000e+03 2.841000000000000000e+03 2.839000000000000000e+03 2.838000000000000000e+03 2.837000000000000000e+03 2.835000000000000000e+03 2.834000000000000000e+03 2.832000000000000000e+03 2.831000000000000000e+03 2.830000000000000000e+03 2.828000000000000000e+03 2.827000000000000000e+03 2.825000000000000000e+03 2.824000000000000000e+03 2.823000000000000000e+03 2.821000000000000000e+03
3.000000000000000000e+03 2.990000000000000000e+03 2.980000000000000000e+03 2.970000000000000000e+03 2.960000000000000000e+03 2.950000000000000000e+03 2.940000000000000000e+03 2.930000000000000000e+03 2.920000000000000000e+03 2.910000000000000000e+03 2.900000000000000000e+03 2.890000000000000000e+03 2.880000000000000000e+03 2.870000000000000000e+03 2.860000000000000000e+03 2.850000000000000000e+03 2.849000000000000000e+03 2.848000000000000000e+03 2.846000000000000000e+03 2.845000000000000000e+03 2.844000000000000000e+03 2.842000000000000000e+03 2.841000000000000000e+03 2.839000000000000000e+03 2.838000000000000000e+03 2.837000000000000000e+03 2.835000000000000000e+03 2.834000000000000000e+03 2.832000000000000000e+03 2.831000000000000000e+03 2.830000000000000000e+03 2.828000000000000000e+03 2.827000000000000000e+03 2.825000000000000000e+03 2.824000000000000000e+03 2.823000000000000000e+03 2.821000000000000000e+03
3.000000000000000000e+03 2.990000000000000000e+03 2.980000000000000000e+03 2.970000000000000000e+03 2.960000000000000000e+03 2.950000000000000000e+03 2.940000000000000000e+03 2.930000000000000000e+03 2.920000000000000000e+03 2.910000000000000000e+03 2.900000000000000000e+03 2.890000000000000000e+03 2.880000000000000000e+03 2.870000000000000000e+03 2.860000000000000000e+03 2.850000000000000000e+03 2.849000000000000000e+03 2.848000000000000000e+03 2.846000000000000000e+03 2.845000000000000000e+03 2.844000000000000000e+03 2.842000000000000000e+03 2.841000000000000000e+03 2.839000000000000000e+03 2.838000000000000000e+03 2.837000000000000000e+03 2.835000000000000000e+03 2.834000000000000000e+03 2.832000000000000000e+03 2.831000000000000000e+03 2.830000000000000000e+03 2.828000000000000000e+03 2.827000000000000000e+03 2.825000000000000000e+03 2.824000000000000000e+03 2.823000000000000000e+03 2.821000000000000000e+03
3.000000000000000000e+03 2.990000000000000000e+03 2.980000000000000000e+03 2.970000000000000000e+03 2.960000000000000000e+03 2.950000000000000000e+03 2.940000000000000000e+03 2.930000000000000000e+03 2.920000000000000000e+03 2.910000000000000000e+03 2.900000000000000000e+03 2.890000000000000000e+03 2.880000000000000000e+03 2.870000000000000000e+03 2.860000000000000000e+03 2.850000000000000000e+03 2.849000000000000000e+03 2.848000000000000000e+03 2.846000000000000000e+03 2.845000000000000000e+03 2.844000000000000000e+03 2.842000000000000000e+03 2.841000000000000000e+03 2.839000000000000000e+03 2.838000000000000000e+03 2.837000000000000000e+03 2.835000000000000000e+03 2.834000000000000000e+03 2.832000000000000000e+03 2.831000000000000000e+03 2.830000000000000000e+03 2.828000000000000000e+03 2.827000000000000000e+03 2.825000000000000000e+03 2.824000000000000000e+03 2.823000000000000000e+03 2.821000000000000000e+03
3.000000000000000000e+03 2.990000000000000000e+03 2.980000000000000000e+03 2.970000000000000000e+03 2.960000000000000000e+03 2.950000000000000000e+03 2.940000000000000000e+03 2.930000000000000000e+03 2.920000000000000000e+03 2.910000000000000000e+03 2.900000000000000000e+03 2.890000000000000000e+03 2.880000000000000000e+03 2.870000000000000000e+03 2.860000000000000000e+03 2.850000000000000000e+03 2.849000000000000000e+03 2.848000000000000000e+03 2.846000000000000000e+03 2.845000000000000000e+03 2.844000000000000000e+03 2.842000000000000000e+03 2.841000000000000000e+03 2.839000000000000000e+03 2.838000000000000000e+03 2.837000000000000000e+03 2.835000000000000000e+03 2.834000000000000000e+03 2.832000000000000000e+03 2.831000000000000000e+03 2.830000000000000000e+03 2.828000000000000000e+03 2.827000000000000000e+03 2.825000000000000000e+03 2.824000000000000000e+03 2.823000000000000000e+03 2.821000000000000000e+03
3.000000000000000000e+03 2.990000000000000000e+03 2.980000000000000000e+03 2.970000000000000000e+03 2.960000000000000000e+03 2.950000000000000000e+03 2.940000000000000000e+03 2.930000000000000000e+03 2.920000000000000000e+03 2.910000000000000000e+03 2.900000000000000000e+03 2.890000000000000000e+03 2.880000000000000000e+03 2.870000000000000000e+03 2.860000000000000000e+03 2.850000000000000000e+03 2.849000000000000000e+03 2.848000000000000000e+03 2.846000000000000000e+03 2.845000000000000000e+03 2.844000000000000000e+03 2.842000000000000000e+03 2.841000000000000000e+03 2.839000000000000000e+03 2.838000000000000000e+03 2.837000000000000000e+03 2.835000000000000000e+03 2.834000000000000000e+03 2.832000000000000000e+03 2.831000000000000000e+03 2.830000000000000000e+03 2.828000000000000000e+03 2.827000000000000000e+03 2.825000000000000000e+03 2.824000000000000000e+03 2.823000000000000000e+03 2.821000000000000000e+03
