example/dhm.asc
ncols 100 
nrows 100 
xllcorner 0.0 
yllcorner 0.0 
cellsize 10.0  
NODATA_value -9999.0
[rows 17 to 33 of 100, columns 37 to 73 of 100]
2.820000000000000000e+03 2.818000000000000000e+03 2.817000000000000000e+03 2.816000000000000000e+03 2.814000000000000000e+03 2.813000000000000000e+03 2.811000000000000000e+03 2.810000000000000000e+03 2.809000000000000000e+03 2.807000000000000000e+03 2.806000000000000000e+03 2.804000000000000000e+03 2.803000000000000000e+03 2.802000000000000000e+03 2.800000000000000000e+03 2.799000000000000000e+03 2.797000000000000000e+03 2.796000000000000000e+03 2.795000000000000000e+03 2.793000000000000000e+03 2.792000000000000000e+03 2.790000000000000000e+03 2.789000000000000000e+03 2.788000000000000000e+03 2.786000000000000000e+03 2.785000000000000000e+03 2.783000000000000000e+03 2.782000000000000000e+03 2.781000000000000000e+03 2.779000000000000000e+03 2.778000000000000000e+03 2.776000000000000000e+03 2.775000000000000000e+03 2.774000000000000000e+03 2.772000000000000000e+03 2.771000000000000000e+03 2.769000000000000000e+03
2.820000000000000000e+03 2.818000000000000000e+03 2.817000000000000000e+03 2.816000000000000000e+03 2.814000000000000000e+03 2.813000000000000000e+03 2.811000000000000000e+03 2.810000000000000000e+03 2.809000000000000000e+03 2.807000000000000000e+03 2.806000000000000000e+03 2.804000000000000000e+03 2.803000000000000000e+03 2.802000000000000000e+03 2.800000000000000000e+03 2.799000000000000000e+03 2.797000000000000000e+03 2.796000000000000000e+03 2.795000000000000000e+03 2.793000000000000000e+03 2.792000000000000000e+03 2.790000000000000000e+03 2.789000000000000000e+03 2.788000000000000000e+03 2.786000000000000000e+03 2.785000000000000000e+03 2.783000000000000000e+03 2.782000000000000000e+03 2.781000000000000000e+03 2.779000000000000000e+03 2.778000000000000000e+03 2.776000000000000000e+03 2.775000000000000000e+03 2.774000000000000000e+03 2.772000000000000000e+03 2.771000000000000000e+03 2.769000000000000000e+03
2.820000000000000000e+03 2.818000000000000000e+03 2.817000000000000000e+03 2.816000000000000000e+03 2.814000000000000000e+03 2.813000000000000000e+03 2.811000000000000000e+03 2.810000000000000000e+03 2.809000000000000000e+03 2.807000000000000000e+03 2.806000000000000000e+03 2.804000000000000000e+03 2.803000000000000000e+03 2.802000000000000000e+03 2.800000000000000000e+03 2.799000000000000000e+03 2.797000000000000000e+03 2.796000000000000000e+03 2.795000000000000000e+03 2.793000000000000000e+03 2.792000000000000000e+03 2.790000000000000000e+03 2.789000000000000000e+03 2.788000000000000000e+03 2.786000000000000000e+03 2.785000000000000000e+03 2.783000000000000000e+03 2.782000000000000000e+03 2.781000000000000000e+03 2.779000000000000000e+03 2.778000000000000000e+03 2.776000000000000000e+03 2.775000000000000000e+03 2.774000000000000000e+03 2.772000000000000000e+03 2.771000000000000000e+03 2.769000000000000000e+03
2.820000000000000000e+03 2.818000000000000000e+03 2.817000000000000000e+03 2.816000000000000000e+03 2.814000000000000000e+03 2.813000000000000000e+03 2.811000000000000000e+03 2.810000000000000000e+03 2.809000000000000000e+03 2.807000000000000000e+03 2.806000000000000000e+03 2.804000000000000000e+03 2.803000000000000000e+03 2.802000000000000000e+03 2.800000000000000000e+03 2.799000000000000000e+03 2.797000000000000000e+03 2.796000000000000000e+03 2.795000000000000000e+03 2.793000000000000000e+03 2.792000000000000000e+03 2.790000000000000000e+03 2.789000000000000000e+03 2.788000000000000000e+03 2.786000000000000000e+03 2.785000000000000000e+03 2.783000000000000000e+03 2.782000000000000000e+03 2.781000000000000000e+03 2.779000000000000000e+03 2.778000000000000000e+03 2.776000000000000000e+03 2.775000000000000000e+03 2.774000000000000000e+03 2.772000000000000000e+03 2.771000000000000000e+03 2.769000000000000000e+03
2.820000000000000000e+03 2.818000000000000000e+03 2.817000000000000000e+03 2.816000000000000000e+03 2.814000000000000000e+03 2.813000000000000000e+03 2.811000000000000000e+03 2.810000000000000000e+03 2.809000000000000000e+03 2.807000000000000000e+03 2.806000000000000000e+03 2.804000000000000000e+03 2.803000000000000000e+03 2.802000000000000000e+03 2.800000000000000000e+03 2.799000000000000000e+03 2.797000000000000000e+03 2.796000000000000000e+03 2.795000000000000000e+03 2.793000000000000000e+03 2.792000000000000000e+03 2.790000000000000000e+03 2.789000000000000000e+03 2.788000000000000000e+03 2.786000000000000000e+03 2.785000000000000000e+03 2.783000000000000000e+03 2.782000000000000000e+03 2.781000000000000000e+03 2.779000000000000000e+03 2.778000000000000000e+03 2.776000000000000000e+03 2.775000000000000000e+03 2.774000000000000000e+03 2.772000000000000000e+03 2.771000000000000000e+03 2.769000000000000000e+03
2.820000000000000000e+03 2.818000000000000000e+03 2.817000000000000000e+03 2.816000000000000000e+03 2.814000000000000000e+03 2.813000000000000000e+03 2.811000000000000000e+03 2.810000000000000000e+03 2.809000000000000000e+03 2.807000000000000000e+03 2.806000000000000000e+03 2.804000000000000000e+03 2.803000000000000000e+03 2.802000000000000000e+03 2.800000000000000000e+03 2.799000000000000000e+03 2.797000000000000000e+03 2.796000000000000000e+03 2.795000000000000000e+03 2.793000000000000000e+03 2.792000000000000000e+03 2.790000000000000000e+03 2.789000000000000000e+03 2.788000000000000000e+03 2.786000000000000000e+03 2.785000000000000000e+03 2.783000000000000000e+03 2.782000000000000000e+03 2.781000000000000000e+03 2.779000000000000000e+03 2.778000000000000000e+03 2.776000000000000000e+03 2.775000000000000000e+03 2.774000000000000000e+03 2.772000000000000000e+03 2.771000000000000000e+03 2.769000000000000000e+03
2.820000000000000000e+03 2.818000000000000000e+03 2.817000000000000000e+03 2.816000000000000000e+03 2.814000000000000000e+03 2.813000000000000000e+03 2.811000000000000000e+03 2.810000000000000000e+03 2.809000000000000000e+03 2.807000000000000000e+03 2.806000000000000000e+03 2.804000000000000000e+03 2.803000000000000000e+03 2.802000000000000000e+03 2.800000000000000000e+03 2.799000000000000000e+03 2.797000000000000000e+03 2.796000000000000000e+03 2.795000000000000000e+03 2.793000000000000000e+03 2.792000000000000000e+03 2.790000000000000000e+03 2.789000000000000000e+03 2.788000000000000000e+03 2.786000000000000000e+03 2.785000000000000000e+03 2.783000000000000000e+03 2.782000000000000000e+03 2.781000000000000000e+03 2.779000000000000000e+03 2.778000000000000000e+03 2.776000000000000000e+03 2.775000000000000000e+03 2.774000000000000000e+03 2.772000000000000000e+03 2.771000000000000000e+03 2.769000000000000000e+03
2.820000000000000000e+03 2.818000000000000000e+03 2.817000000000000000e+03 2.816000000000000000e+03 2.814000000000000000e+03 2.813000000000000000e+03 2.811000000000000000e+03 2.810000000000000000e+03 2.809000000000000000e+03 2.807000000000000000e+03 2.806000000000000000e+03 2.804000000000000000e+03 2.803000000000000000e+03 2.802000000000000000e+03 2.800000000000000000e+03 2.799000000000000000e+03 2.797000000000000000e+03 2.796000000000000000e+03 2.795000000000000000e+03 2.793000000000000000e+03 2.792000000000000000e+03 2.790000000000000000e+03 2.789000000000000000e+03 2.788000000000000000e+03 2.786000000000000000e+03 2.785000000000000000e+03 2.783000000000000000e+03 2.782000000000000000e+03 2.781000000000000000e+03 2.779000000000000000e+03 2.778000000000000000e+03 2.776000000000000000e+03 2.775000000000000000e+03 2.774000000000000000e+03 2.772000000000000000e+03 2.771000000000000000e+03 2.769000000000000000e+03
2.820000000000000000e+03 2.818000000000000000e+03 2.817000000000000000e+03 2.816000000000000000e+03 2.814000000000000000e+03 2.813000000000000000e+03 2.811000000000000000e+03 2.810000000000000000e+03 2.809000000000000000e+03 2.807000000000000000e+03 2.806000000000000000e+03 2.804000000000000000e+03 2.803000000000000000e+03 2.802000000000000000e+03 2.800000000000000000e+03 2.799000000000000000e+03 2.797000000000000000e+03 2.796000000000000000e+03 2.795000000000000000e+03 2.793000000000000000e+03 2.792000000000000000e+03 2.790000000000000000e+03 2.789000000000000000e+03 2.788000000000000000e+03 2.786000000000000000e+03 2.785000000000000000e+03 2.783000000000000000e+03 2.782000000000000000e+03 2.781000000000000000e+03 2.779000000000000000e+03 2.778000000000000000e+03 2.776000000000000000e+03 2.775000000000000000e+03 2.774000000000000000e+03 2.772000000000000000e+03 2.771000000000000000e+03 2.769000000000000000e+03
2.820000000000000000e+03 2.818000000000000000e+03 2.817000000000000000e+03 2.816000000000000000e+03 2.814000000000000000e+03 2.813000000000000000e+03 2.811000000000000000e+03 2.810000000000000000e+03 2.809000000000000000e+03 2.807000000000000000e+03 2.806000000000000000e+03 2.804000000000000000e+03 2.803000000000000000e+03 2.802000000000000000e+03 2.800000000000000000e+03 2.799000000000000000e+03 2.797000000000000000e+03 2.796000000000000000e+03 2.795000000000000000e+03 2.793000000000000000e+03 2.792000000000000000e+03 2.790000000000000000e+03 2.789000000000000000e+03 2.788000000000000000e+03 2.786000000000000000e+03 2.785000000000000000e+03 2.783000000000000000e+03 2.782000000000000000e+03 2.781000000000000000e+03 2.779000000000000000e+03 2.778000000000000000e+03 2.776000000000000000e+03 2.775000000000000000e+03 2.774000000000000000e+03 2.772000000000000000e+03 2.771000000000000000e+03 2.769000000000000000e+03
2.820000000000000000e+03 2.818000000000000000e+03 2.817000000000000000e+03 2.816000000000000000e+03 2.814000000000000000e+03 2.813000000000000000e+03 2.811000000000000000e+03 2.810000000000000000e+03 2.809000000000000000e+03 2.807000000000000000e+03 2.806000000000000000e+03 2.804000000000000000e+03 2.803000000000000000e+03 2.802000000000000000e+03 2.800000000000000000e+03 2.799000000000000000e+03 2.797000000000000000e+03 2.796000000000000000e+03 2.795000000000000000e+03 2.793000000000000000e+03 2.792000000000000000e+03 2.790000000000000000e+03 2.789000000000000000e+03 2.788000000000000000e+03 2.786000000000000000e+03 2.785000000000000000e+03 2.783000000000000000e+03 2.782000000000000000e+03 2.781000000000000000e+03 2.779000000000000000e+03 2.778000000000000000e+03 2.776000000000000000e+03 2.775000000000000000e+03 2.774000000000000000e+03 2.772000000000000000e+03 2.771000000000000000e+03 2.769000000000000000e+03
2.820000000000000000e+03 2.818000000000000000e+03 2.817000000000000000e+03 2.816000000000000000e+03 2.814000000000000000e+03 2.813000000000000000e+03 2.811000000000000000e+03 2.810000000000000000e+03 2.809000000000000000e+03 2.807000000000000000e+03 2.806000000000000000e+03 2.804000000000000000e+03 2.803000000000000000e+03 2.802000000000000000e+03 2.800000000000000000e+03 2.799000000000000000e+03 2.797000000000000000e+03 2.796000000000000000e+03 2.795000000000000000e+03 2.793000000000000000e+03 2.792000000000000000e+03 2.790000000000000000e+03 2.789000000000000000e+03 2.788000000000000000e+03 2.786000000000000000e+03 2.785000000000000000e+03 2.783000000000000000e+03 2.782000000000000000e+03 2.781000000000000000e+03 2.779000000000000000e+03 2.778000000000000000e+03 2.776000000000000000e+03 2.775000000000000000e+03 2.774000000000000000e+03 2.772000000000000000e+03 2.771000000000000000e+03 2.769000000000000000e+03
2.820000000000000000e+03 2.818000000000000000e+03 2.817000000000000000e+03 2.816000000000000000e+03 2.814000000000000000e+03 2.813000000000000000e+03 2.811000000000000000e+03 2.810000000000000000e+03 2.809000000000000000e+03 2.807000000000000000e+03 2.806000000000000000e+03 2.804000000000000000e+03 2.803000000000000000e+03 2.802000000000000000e+03 2.800000000000000000e+03 2.799000000000000000e+03 2.797000000000000000e+03 2.796000000000000000e+03 2.795000000000000000e+03 2.793000000000000000e+03 2.792000000000000000e+03 2.790000000000000000e+03 2.789000000000000000e+03 2.788000000000000000e+03 2.786000000000000000e+03 2.785000000000000000e+03 2.783000000000000000e+03 2.782000000000000000e+03 2.781000000000000000e+03 2.779000000000000000e+03 2.778000000000000000e+03 2.776000000000000000e+03 2.775000000000000000e+03 2.774000000000000000e+03 2.772000000000000000e+03 2.771000000000000000e+03 2.769000000000000000e+03
2.820000000000000000e+03 2.818000000000000000e+03 2.817000000000000000e+03 2.816000000000000000e+03 2.814000000000000000e+03 2.813000000000000000e+03 2.811000000000000000e+03 2.810000000000000000e+03 2.809000000000000000e+03 2.807000000000000000e+03 2.806000000000000000e+03 2.804000000000000000e+03 2.803000000000000000e+03 2.802000000000000000e+03 2.800000000000000000e+03 2.799000000000000000e+03 2.797000000000000000e+03 2.796000000000000000e+03 2.795000000000000000e+03 2.793000000000000000e+03 2.792000000000000000e+03 2.790000000000000000e+03 2.789000000000000000e+03 2.788000000000000000e+03 2.786000000000000000e+03 2.785000000000000000e+03 2.783000000000000000e+03 2.782000000000000000e+03 2.781000000000000000e+03 2.779000000000000000e+03 2.778000000000000000e+03 2.776000000000000000e+03 2.775000000000000000e+03 2.774000000000000000e+03 2.772000000000000000e+03 2.771000000000000000e+03 2.769000000000000000e+03
2.820000000000000000e+03 2.818000000000000000e+03 2.817000000000000000e+03 2.816000000000000000e+03 2.814000000000000000e+03 2.813000000000000000e+03 2.811000000000000000e+03 2.810000000000000000e+03 2.809000000000000000e+03 2.807000000000000000e+03 2.806000000000000000e+03 2.804000000000000000e+03 2.803000000000000000e+03 2.802000000000000000e+03 2.800000000000000000e+03 2.799000000000000000e+03 2.797000000000000000e+03 2.796000000000000000e+03 2.795000000000000000e+03 2.793000000000000000e+03 2.792000000000000000e+03 2.790000000000000000e+03 2.789000000000000000e+03 2.788000000000000000e+03 2.786000000000000000e+03 2.785000000000000000e+03 2.783000000000000000e+03 2.782000000000000000e+03 2.781000000000000000e+03 2.779000000000000000e+03 2.778000000000000000e+03 2.776000000000000000e+03 2.775000000000000000e+03 2.774000000000000000e+03 2.772000000000000000e+03 2.771000000000000000e+03 2.769000000000000000e+03
2.820000000000000000e+03 2.818000000000000000e+03 2.817000000000000000e+03 2.816000000000000000e+03 2.814000000000000000e+03 2.813000000000000000e+03 2.811000000000000000e+03 2.810000000000000000e+03 2.809000000000000000e+03 2.807000000000000000e+03 2.806000000000000000e+03 2.804000000000000000e+03 2.803000000000000000e+03 2.802000000000000000e+03 2.800000000000000000e+03 2.799000000000000000e+03 2.797000000000000000e+03 2.796000000000000000e+03 2.795000000000000000e+03 2.793000000000000000e+03 2.792000000000000000e+03 2.790000000000000000e+03 2.789000000000000000e+03 2.788000000000000000e+03 2.786000000000000000e+03 2.785000000000000000e+03 2.783000000000000000e+03 2.782000000000000000e+03 2.781000000000000000e+03 2.779000000000000000e+03 2.778000000000000000e+03 2.776000000000000000e+03 2.775000000000000000e+03 2.774000000000000000e+03 2.772000000000000000e+03 2.771000000000000000e+03 2.769000000000000000e+03
2.820000000000000000e+03 2.818000000000000000e+03 2.817000000000000000e+03 2.816000000000000000e+03 2.814000000000000000e+03 2.813000000000000000e+03 2.811000000000000000e+03 2.810000000000000000e+03 2.809000000000000000e+03 2.807000000000000000e+03 2.806000000000000000e+03 2.804000000000000000e+03 2.803000000000000000e+03 2.802000000000000000e+03 2.800000000000000000e+03 2.799000000000000000e+03 2.797000000000000000e+03 2.796000000000000000e+03 2.795000000000000000e+03 2.793000000000000000e+03 2.792000000000000000e+03 2.790000000000000000e+03 2.789000000000000000e+03 2.788000000000000000e+03 2.786000000000000000e+03 2.785000000000000000e+03 2.783000000000000000e+03 2.782000000000000000e+03 2.781000000000000000e+03 2.779000000000000000e+03 2.778000000000000000e+03 2.776000000000000000e+03 2.775000000000000000e+03 2.774000000000000000e+03 2.772000000000000000e+03 2.771000000000000000e+03 2.769000000000000000e+03
