FlowPy_altitudediff/examples/dam/dam_010m_standard_cr100_sw250_f2500.20.6_n0.asc
ncols 501 
nrows 151 
xllcorner 0.000000 
yllcorner -750.000000 
cellsize 10.000000 
NODATA_value -9999.000000 
[rows 0 to 31 of 151, columns 219 to 291 of 501]
31.413 29.415 27.518 25.721 24.028 22.438 20.952 19.551 18.215 16.944 15.736 14.592 13.510 12.489 11.527 10.623 9.774 8.979 8.237 7.544 6.898 6.299 5.742 5.227 4.751 4.312 3.907 3.535 3.194 2.881 2.595 2.333 2.095 1.879 1.682 1.504 1.342 1.196 1.065 0.946 0.839 0.744 0.658 0.581 0.512 0.451 0.397 0.348 0.305 0.267 0.234 0.204 0.178 0.155 0.134 0.117 0.101 0.087 0.075 0.065 0.056 0.048 0.041 0.035 0.030 0.026 0.022 0.019 0.016 0.014 0.012 0.010 0.008
31.413 29.415 27.518 25.721 24.028 22.438 20.952 19.551 18.215 16.944 15.736 14.592 13.510 12.489 11.527 10.623 9.774 8.979 8.237 7.544 6.898 6.299 5.742 5.227 4.751 4.312 3.907 3.535 3.194 2.881 2.595 2.333 2.095 1.879 1.682 1.504 1.342 1.196 1.065 0.946 0.839 0.744 0.658 0.581 0.512 0.451 0.397 0.348 0.305 0.267 0.234 0.204 0.178 0.155 0.134 0.117 0.101 0.087 0.075 0.065 0.056 0.048 0.041 0.035 0.030 0.026 0.022 0.019 0.016 0.014 0.012 0.010 0.008
31.413 29.415 27.518 25.721 24.028 22.438 20.952 19.551 18.215 16.944 15.736 14.592 13.510 12.489 11.527 10.623 9.774 8.979 8.237 7.544 6.898 6.299 5.742 5.227 4.751 4.312 3.907 3.535 3.194 2.881 2.595 2.333 2.095 1.879 1.682 1.504 1.342 1.196 1.065 0.946 0.839 0.744 0.658 0.581 0.512 0.451 0.397 0.348 0.305 0.267 0.234 0.204 0.178 0.155 0.134 0.117 0.101 0.087 0.075 0.065 0.056 0.048 0.041 0.035 0.030 0.026 0.022 0.019 0.016 0.014 0.012 0.010 0.008
31.413 29.415 27.518 25.721 24.028 22.438 20.952 19.551 18.215 16.944 15.736 14.592 13.510 12.489 11.527 10.623 9.774 8.979 8.237 7.544 6.898 6.299 5.742 5.227 4.751 4.312 3.907 3.535 3.194 2.881 2.595 2.333 2.095 1.879 1.682 1.504 1.342 1.196 1.065 0.946 0.839 0.744 0.658 0.581 0.512 0.451 0.397 0.348 0.305 0.267 0.234 0.204 0.178 0.155 0.134 0.117 0.101 0.087 0.075 0.065 0.056 0.048 0.041 0.035 0.030 0.026 0.022 0.019 0.016 0.014 0.012 0.010 0.008
31.413 29.415 27.518 25.721 24.028 22.438 20.952 19.551 18.215 16.944 15.736 14.592 13.510 12.489 11.527 10.623 9.774 8.979 8.237 7.544 6.898 6.299 5.742 5.227 4.751 4.312 3.907 3.535 3.194 2.881 2.595 2.333 2.095 1.879 1.682 1.504 1.342 1.196 1.065 0.946 0.839 0.744 0.658 0.581 0.512 0.451 0.397 0.348 0.305 0.267 0.234 0.204 0.178 0.155 0.134 0.117 0.101 0.087 0.075 0.065 0.056 0.048 0.041 0.035 0.030 0.026 0.022 0.019 0.016 0.014 0.012 0.010 0.008
31.413 29.415 27.518 25.721 24.028 22.438 20.952 19.551 18.215 16.944 15.736 14.592 13.510 12.489 11.527 10.623 9.774 8.979 8.237 7.544 6.898 6.299 5.742 5.227 4.751 4.312 3.907 3.535 3.194 2.881 2.595 2.333 2.095 1.879 1.682 1.504 1.342 1.196 1.065 0.946 0.839 0.744 0.658 0.581 0.512 0.451 0.397 0.348 0.305 0.267 0.234 0.204 0.178 0.155 0.134 0.117 0.101 0.087 0.075 0.065 0.056 0.048 0.041 0.035 0.030 0.026 0.022 0.019 0.016 0.014 0.012 0.010 0.008
31.413 29.415 27.518 25.721 24.028 22.438 20.952 19.551 18.215 16.944 15.736 14.592 13.510 12.489 11.527 10.623 9.774 8.979 8.237 7.544 6.898 6.299 5.742 5.227 4.751 4.312 3.907 3.535 3.194 2.881 2.595 2.333 2.095 1.879 1.682 1.504 1.342 1.196 1.065 0.946 0.839 0.744 0.658 0.581 0.512 0.451 0.397 0.348 0.305 0.267 0.234 0.204 0.178 0.155 0.134 0.117 0.101 0.087 0.075 0.065 0.056 0.048 0.041 0.035 0.030 0.026 0.022 0.019 0.016 0.014 0.012 0.010 0.008
31.413 29.415 27.518 25.721 24.028 22.438 20.952 19.551 18.215 16.944 15.736 14.592 13.510 12.489 11.527 10.623 9.774 8.979 8.237 7.544 6.898 6.299 5.742 5.227 4.751 4.312 3.907 3.535 3.194 2.881 2.595 2.333 2.095 1.879 1.682 1.504 1.342 1.196 1.065 0.946 0.839 0.744 0.658 0.581 0.512 0.451 0.397 0.348 0.305 0.267 0.234 0.204 0.178 0.155 0.134 0.117 0.101 0.087 0.075 0.065 0.056 0.048 0.041 0.035 0.030 0.026 0.022 0.019 0.016 0.014 0.012 0.010 0.008
31.413 29.415 27.518 25.721 24.028 22.438 20.952 19.551 18.215 16.944 15.736 14.592 13.510 12.489 11.527 10.623 9.774 8.979 8.237 7.544 6.898 6.299 5.742 5.227 4.751 4.312 3.907 3.535 3.194 2.881 2.595 2.333 2.095 1.879 1.682 1.504 1.342 1.196 1.065 0.946 0.839 0.744 0.658 0.581 0.512 0.451 0.397 0.348 0.305 0.267 0.234 0.204 0.178 0.155 0.134 0.117 0.101 0.087 0.075 0.065 0.056 0.048 0.041 0.035 0.030 0.026 0.022 0.019 0.016 0.014 0.012 0.010 0.008
31.413 29.415 27.518 25.721 24.028 22.438 20.952 19.551 18.215 16.944 15.736 14.592 13.510 12.489 11.527 10.623 9.774 8.979 8.237 7.544 6.898 6.299 5.742 5.227 4.751 4.312 3.907 3.535 3.194 2.881 2.595 2.333 2.095 1.879 1.682 1.504 1.342 1.196 1.065 0.946 0.839 0.744 0.658 0.581 0.512 0.451 0.397 0.348 0.305 0.267 0.234 0.204 0.178 0.155 0.134 0.117 0.101 0.087 0.075 0.065 0.056 0.048 0.041 0.035 0.030 0.026 0.022 0.019 0.016 0.014 0.012 0.010 0.008
31.413 29.415 27.518 25.721 24.028 22.438 20.952 19.551 18.215 16.944 15.736 14.592 13.510 12.489 11.527 10.623 9.774 8.979 8.237 7.544 6.898 6.299 5.742 5.227 4.751 4.312 3.907 3.535 3.194 2.881 2.595 2.333 2.095 1.879 1.682 1.504 1.342 1.196 1.065 0.946 0.839 0.744 0.658 0.581 0.512 0.451 0.397 0.348 0.305 0.267 0.234 0.204 0.178 0.155 0.134 0.117 0.101 0.087 0.075 0.065 0.056 0.048 0.041 0.035 0.030 0.026 0.022 0.019 0.016 0.014 0.012 0.010 0.008
31.413 29.415 27.518 25.721 24.028 22.438 20.952 19.551 18.215 16.944 15.736 14.592 13.510 12.489 11.527 10.623 9.774 8.979 8.237 7.544 6.898 6.299 5.742 5.227 4.751 4.312 3.907 3.535 3.194 2.881 2.595 2.333 2.095 1.879 1.682 1.504 1.342 1.196 1.065 0.946 0.839 0.744 0.658 0.581 0.512 0.451 0.397 0.348 0.305 0.267 0.234 0.204 0.178 0.155 0.134 0.117 0.101 0.087 0.075 0.065 0.056 0.048 0.041 0.035 0.030 0.026 0.022 0.019 0.016 0.014 0.012 0.010 0.008
31.413 29.415 27.518 25.721 24.028 22.438 20.952 19.551 18.215 16.944 15.736 14.592 13.510 12.489 11.527 10.623 9.774 8.979 8.237 7.544 6.898 6.299 5.742 5.227 4.751 4.312 3.907 3.535 3.194 2.881 2.595 2.333 2.095 1.879 1.682 1.504 1.342 1.196 1.065 0.946 0.839 0.744 0.658 0.581 0.512 0.451 0.397 0.348 0.305 0.267 0.234 0.204 0.178 0.155 0.134 0.117 0.101 0.087 0.075 0.065 0.056 0.048 0.041 0.035 0.030 0.026 0.022 0.019 0.016 0.014 0.012 0.010 0.008
31.413 29.415 27.518 25.721 24.028 22.438 20.952 19.551 18.215 16.944 15.736 14.592 13.510 12.489 11.527 10.623 9.774 8.979 8.237 7.544 6.898 6.299 5.742 5.227 4.751 4.312 3.907 3.535 3.194 2.881 2.595 2.333 2.095 1.879 1.682 1.504 1.342 1.196 1.065 0.946 0.839 0.744 0.658 0.581 0.512 0.451 0.397 0.348 0.305 0.267 0.234 0.204 0.178 0.155 0.134 0.117 0.101 0.087 0.075 0.065 0.056 0.048 0.041 0.035 0.030 0.026 0.022 0.019 0.016 0.014 0.012 0.010 0.008
31.413 29.415 27.518 25.721 24.028 22.438 20.952 19.551 18.215 16.944 15.736 14.592 13.510 12.489 11.527 10.623 9.774 8.979 8.237 7.544 6.898 6.299 5.742 5.227 4.751 4.312 3.907 3.535 3.194 2.881 2.595 2.333 2.095 1.879 1.682 1.504 1.342 1.196 1.065 0.946 0.839 0.744 0.658 0.581 0.512 0.451 0.397 0.348 0.305 0.267 0.234 0.204 0.178 0.155 0.134 0.117 0.101 0.087 0.075 0.065 0.056 0.048 0.041 0.035 0.030 0.026 0.022 0.019 0.016 0.014 0.012 0.010 0.008
31.413 29.415 27.518 25.721 24.028 22.438 20.952 19.551 18.215 16.944 15.736 14.592 13.510 12.489 11.527 10.623 9.774 8.979 8.237 7.544 6.898 6.299 5.742 5.227 4.751 4.312 3.907 3.535 3.194 2.881 2.595 2.333 2.095 1.879 1.682 1.504 1.342 1.196 1.065 0.946 0.839 0.744 0.658 0.581 0.512 0.451 0.397 0.348 0.305 0.267 0.234 0.204 0.178 0.155 0.134 0.117 0.101 0.087 0.075 0.065 0.056 0.048 0.041 0.035 0.030 0.026 0.022 0.019 0.016 0.014 0.012 0.010 0.008
31.413 29.415 27.518 25.721 24.028 22.438 20.952 19.551 18.215 16.944 15.736 14.592 13.510 12.489 11.527 10.623 9.774 8.979 8.237 7.544 6.898 6.299 5.742 5.227 4.751 4.312 3.907 3.535 3.194 2.881 2.595 2.333 2.095 1.879 1.682 1.504 1.342 1.196 1.065 0.946 0.839 0.744 0.658 0.581 0.512 0.451 0.397 0.348 0.305 0.267 0.234 0.204 0.178 0.155 0.134 0.117 0.101 0.087 0.075 0.065 0.056 0.048 0.041 0.035 0.030 0.026 0.022 0.019 0.016 0.014 0.012 0.010 0.008
31.413 29.415 27.518 25.721 24.028 22.438 20.952 19.551 18.215 16.944 15.736 14.592 13.510 12.489 11.527 10.623 9.774 8.979 8.237 7.544 6.898 6.299 5.742 5.227 4.751 4.312 3.907 3.535 3.194 2.881 2.595 2.333 2.095 1.879 1.682 1.504 1.342 1.196 1.065 0.946 0.839 0.744 0.658 0.581 0.512 0.451 0.397 0.348 0.305 0.267 0.234 0.204 0.178 0.155 0.134 0.117 0.101 0.087 0.075 0.065 0.056 0.048 0.041 0.035 0.030 0.026 0.022 0.019 0.016 0.014 0.012 0.010 0.008
31.413 29.415 27.518 25.721 24.028 22.438 20.952 19.551 18.215 16.944 15.736 14.592 13.510 12.489 11.527 10.623 9.774 8.979 8.237 7.544 6.898 6.299 5.742 5.227 4.751 4.312 3.907 3.535 3.194 2.881 2.595 2.333 2.095 1.879 1.682 1.504 1.342 1.196 1.065 0.946 0.839 0.744 0.658 0.581 0.512 0.451 0.397 0.348 0.305 0.267 0.234 0.204 0.178 0.155 0.134 0.117 0.101 0.087 0.075 0.065 0.056 0.048 0.041 0.035 0.030 0.026 0.022 0.019 0.016 0.014 0.012 0.010 0.008
31.413 29.415 27.518 25.721 24.028 22.438 20.952 19.551 18.215 16.944 15.736 14.592 13.510 12.489 11.527 10.623 9.774 8.979 8.237 7.544 6.898 6.299 5.742 5.227 4.751 4.312 3.907 3.535 3.194 2.881 2.595 2.333 2.095 1.879 1.682 1.504 1.342 1.196 1.065 0.946 0.839 0.744 0.658 0.581 0.512 0.451 0.397 0.348 0.305 0.267 0.234 0.204 0.178 0.155 0.134 0.117 0.101 0.087 0.075 0.065 0.056 0.048 0.041 0.035 0.030 0.026 0.022 0.019 0.016 0.014 0.012 0.010 0.008
31.413 29.415 27.518 25.721 24.028 22.438 20.952 19.551 18.215 16.944 15.736 14.592 13.510 12.489 11.527 10.623 9.774 8.979 8.237 7.544 6.898 6.299 5.742 5.227 4.751 4.312 3.907 3.535 3.194 2.881 2.595 2.333 2.095 1.879 1.682 1.504 1.342 1.196 1.065 0.946 0.839 0.744 0.658 0.581 0.512 0.451 0.397 0.348 0.305 0.267 0.234 0.204 0.178 0.155 0.134 0.117 0.101 0.087 0.075 0.065 0.056 0.048 0.041 0.035 0.030 0.026 0.022 0.019 0.016 0.014 0.012 0.010 0.008
31.413 29.415 27.518 25.721 24.028 22.438 20.952 19.551 18.215 16.944 15.736 14.592 13.510 12.489 11.527 10.623 9.774 8.979 8.237 7.544 6.898 6.299 5.742 5.227 4.751 4.312 3.907 3.535 3.194 2.881 2.595 2.333 2.095 1.879 1.682 1.504 1.342 1.196 1.065 0.946 0.839 0.744 0.658 0.581 0.512 0.451 0.397 0.348 0.305 0.267 0.234 0.204 0.178 0.155 0.134 0.117 0.101 0.087 0.075 0.065 0.056 0.048 0.041 0.035 0.030 0.026 0.022 0.019 0.016 0.014 0.012 0.010 0.008
31.413 29.415 27.518 25.721 24.028 22.438 20.952 19.551 18.215 16.944 15.736 14.592 13.510 12.489 11.527 10.623 9.774 8.979 8.237 7.544 6.898 6.299 5.742 5.227 4.751 4.312 3.907 3.535 3.194 2.881 2.595 2.333 2.095 1.879 1.682 1.504 1.342 1.196 1.065 0.946 0.839 0.744 0.658 0.581 0.512 0.451 0.397 0.348 0.305 0.267 0.234 0.204 0.178 0.155 0.134 0.117 0.101 0.087 0.075 0.065 0.056 0.048 0.041 0.035 0.030 0.026 0.022 0.019 0.016 0.014 0.012 0.010 0.008
31.413 29.415 27.518 25.721 24.028 22.438 20.952 19.551 18.215 16.944 15.736 14.592 13.510 12.489 11.527 10.623 9.774 8.979 8.237 7.544 6.898 6.299 5.742 5.227 4.751 4.312 3.907 3.535 3.194 2.881 2.595 2.333 2.095 1.879 1.682 1.504 1.342 1.196 1.065 0.946 0.839 0.744 0.658 0.581 0.512 0.451 0.397 0.348 0.305 0.267 0.234 0.204 0.178 0.155 0.134 0.117 0.101 0.087 0.075 0.065 0.056 0.048 0.041 0.035 0.030 0.026 0.022 0.019 0.016 0.014 0.012 0.010 0.008
31.413 29.415 27.518 25.721 24.028 22.438 20.952 19.551 18.215 16.944 15.736 14.592 13.510 12.489 11.527 10.623 9.774 8.979 8.237 7.544 6.898 6.299 5.742 5.227 4.751 4.312 3.907 3.535 3.194 2.881 2.595 2.333 2.095 1.879 1.682 1.504 1.342 1.196 1.065 0.946 0.839 0.744 0.658 0.581 0.512 0.451 0.397 0.348 0.305 0.267 0.234 0.204 0.178 0.155 0.134 0.117 0.101 0.087 0.075 0.065 0.056 0.048 0.041 0.035 0.030 0.026 0.022 0.019 0.016 0.014 0.012 0.010 0.008
31.413 29.415 27.518 25.721 24.028 22.438 20.952 19.551 18.215 16.944 15.736 14.592 13.510 12.489 11.527 10.623 9.774 8.979 8.237 7.544 6.898 6.299 5.742 5.227 4.751 4.312 3.907 3.535 3.194 2.881 2.595 2.333 2.095 1.879 1.682 1.504 1.342 1.196 1.065 0.946 0.839 0.744 0.658 0.581 0.512 0.451 0.397 0.348 0.305 0.267 0.234 0.204 0.178 0.155 0.134 0.117 0.101 0.087 0.075 0.065 0.056 0.048 0.041 0.035 0.030 0.026 0.022 0.019 0.016 0.014 0.012 0.010 0.008
31.413 29.415 27.518 25.721 24.028 22.438 20.952 19.551 18.215 16.944 15.736 14.592 13.510 12.489 11.527 10.623 9.774 8.979 8.237 7.544 6.898 6.299 5.742 5.227 4.751 4.312 3.907 3.535 3.194 2.881 2.595 2.333 2.095 1.879 1.682 1.504 1.342 1.196 1.065 0.946 0.839 0.744 0.658 0.581 0.512 0.451 0.397 0.348 0.305 0.267 0.234 0.204 0.178 0.155 0.134 0.117 0.101 0.087 0.075 0.065 0.056 0.048 0.041 0.035 0.030 0.026 0.022 0.019 0.016 0.014 0.012 0.010 0.008
31.413 29.415 27.518 25.721 24.028 22.438 20.952 19.551 18.215 16.944 15.736 14.592 13.510 12.489 11.527 10.623 9.774 8.979 8.237 7.544 6.898 6.299 5.742 5.227 4.751 4.312 3.907 3.535 3.194 2.881 2.595 2.333 2.095 1.879 1.682 1.504 1.342 1.196 1.065 0.946 0.839 0.744 0.658 0.581 0.512 0.451 0.397 0.348 0.305 0.267 0.234 0.204 0.178 0.155 0.134 0.117 0.101 0.087 0.075 0.065 0.056 0.048 0.041 0.035 0.030 0.026 0.022 0.019 0.016 0.014 0.012 0.010 0.008
31.413 29.415 27.518 25.721 24.028 22.438 20.952 19.551 18.215 16.944 15.736 14.592 13.510 12.489 11.527 10.623 9.774 8.979 8.237 7.544 6.898 6.299 5.742 5.227 4.751 4.312 3.907 3.535 3.194 2.881 2.595 2.333 2.095 1.879 1.682 1.504 1.342 1.196 1.065 0.946 0.839 0.744 0.658 0.581 0.512 0.451 0.397 0.348 0.305 0.267 0.234 0.204 0.178 0.155 0.134 0.117 0.101 0.087 0.075 0.065 0.056 0.048 0.041 0.035 0.030 0.026 0.022 0.019 0.016 0.014 0.012 0.010 0.008
31.413 29.415 27.518 25.721 24.028 22.438 20.952 19.551 18.215 16.944 15.736 14.592 13.510 12.489 11.527 10.623 9.774 8.979 8.237 7.544 6.898 6.299 5.742 5.227 4.751 4.312 3.907 3.535 3.194 2.881 2.595 2.333 2.095 1.879 1.682 1.504 1.342 1.196 1.065 0.946 0.839 0.744 0.658 0.581 0.512 0.451 0.397 0.348 0.305 0.267 0.234 0.204 0.178 0.155 0.134 0.117 0.101 0.087 0.075 0.065 0.056 0.048 0.041 0.035 0.030 0.026 0.022 0.019 0.016 0.014 0.012 0.010 0.008
31.413 29.415 27.518 25.721 24.028 22.438 20.952 19.551 18.215 16.944 15.736 14.592 13.510 12.489 11.527 10.623 9.774 8.979 8.237 7.544 6.898 6.299 5.742 5.227 4.751 4.312 3.907 3.535 3.194 2.881 2.595 2.333 2.095 1.879 1.682 1.504 1.342 1.196 1.065 0.946 0.839 0.744 0.658 0.581 0.512 0.451 0.397 0.348 0.305 0.267 0.234 0.204 0.178 0.155 0.134 0.117 0.101 0.087 0.075 0.065 0.056 0.048 0.041 0.035 0.030 0.026 0.022 0.019 0.016 0.014 0.012 0.010 0.008
31.413 29.415 27.518 25.721 24.028 22.438 20.952 19.551 18.215 16.944 15.736 14.592 13.510 12.489 11.527 10.623 9.774 8.979 8.237 7.544 6.898 6.299 5.742 5.227 4.751 4.312 3.907 3.535 3.194 2.881 2.595 2.333 2.095 1.879 1.682 1.504 1.342 1.196 1.065 0.946 0.839 0.744 0.658 0.581 0.512 0.451 0.397 0.348 0.305 0.267 0.234 0.204 0.178 0.155 0.134 0.117 0.101 0.087 0.075 0.065 0.056 0.048 0.041 0.035 0.030 0.026 0.022 0.019 0.016 0.014 0.012 0.010 0.008
