FlowPy_altitudediff/examples/dam/dam_010m_standard_cr100_sw250_f2500.20.6_n0.asc
ncols 501 
nrows 151 
xllcorner 0.000000 
yllcorner -750.000000 
cellsize 10.000000 
NODATA_value -9999.000000 
[rows 0 to 31 of 151, columns 73 to 145 of 501]
560.355 554.271 548.212 542.180 536.177 530.206 524.269 518.368 512.504 506.679 500.895 495.151 489.450 483.792 478.178 472.608 467.083 461.603 456.168 450.780 445.436 440.139 434.887 429.681 424.520 419.404 414.334 409.308 404.327 399.390 394.498 389.649 384.844 380.083 375.364 370.688 366.055 361.464 356.916 352.409 347.944 343.521 339.139 334.798 330.499 326.240 322.041 317.886 313.772 309.699 305.668 301.678 297.730 293.823 289.959 286.137 282.358 278.621 274.928 271.277 267.671 264.108 260.589 257.114 253.684 250.299 246.959 243.664 240.415 237.211 234.052 230.939 227.872
560.355 554.271 548.212 542.180 536.177 530.206 524.269 518.368 512.504 506.679 500.895 495.151 489.450 483.792 478.178 472.608 467.083 461.603 456.168 450.780 445.436 440.139 434.887 429.681 424.520 419.404 414.334 409.308 404.327 399.390 394.498 389.649 384.844 380.083 375.364 370.688 366.055 361.464 356.916 352.409 347.944 343.521 339.139 334.798 330.499 326.240 322.041 317.886 313.772 309.699 305.668 301.678 297.730 293.823 289.959 286.137 282.358 278.621 274.928 271.277 267.671 264.108 260.589 257.114 253.684 250.299 246.959 243.664 240.415 237.211 234.052 230.939 227.872
560.355 554.271 548.212 542.180 536.177 530.206 524.269 518.368 512.504 506.679 500.895 495.151 489.450 483.792 478.178 472.608 467.083 461.603 456.168 450.780 445.436 440.139 434.887 429.681 424.520 419.404 414.334 409.308 404.327 399.390 394.498 389.649 384.844 380.083 375.364 370.688 366.055 361.464 356.916 352.409 347.944 343.521 339.139 334.798 330.499 326.240 322.041 317.886 313.772 309.699 305.668 301.678 297.730 293.823 289.959 286.137 282.358 278.621 274.928 271.277 267.671 264.108 260.589 257.114 253.684 250.299 246.959 243.664 240.415 237.211 234.052 230.939 227.872
560.355 554.271 548.212 542.180 536.177 530.206 524.269 518.368 512.504 506.679 500.895 495.151 489.450 483.792 478.178 472.608 467.083 461.603 456.168 450.780 445.436 440.139 434.887 429.681 424.520 419.404 414.334 409.308 404.327 399.390 394.498 389.649 384.844 380.083 375.364 370.688 366.055 361.464 356.916 352.409 347.944 343.521 339.139 334.798 330.499 326.240 322.041 317.886 313.772 309.699 305.668 301.678 297.730 293.823 289.959 286.137 282.358 278.621 274.928 271.277 267.671 264.108 260.589 257.114 253.684 250.299 246.959 243.664 240.415 237.211 234.052 230.939 227.872
560.355 554.271 548.212 542.180 536.177 530.206 524.269 518.368 512.504 506.679 500.895 495.151 489.450 483.792 478.178 472.608 467.083 461.603 456.168 450.780 445.436 440.139 434.887 429.681 424.520 419.404 414.334 409.308 404.327 399.390 394.498 389.649 384.844 380.083 375.364 370.688 366.055 361.464 356.916 352.409 347.944 343.521 339.139 334.798 330.499 326.240 322.041 317.886 313.772 309.699 305.668 301.678 297.730 293.823 289.959 286.137 282.358 278.621 274.928 271.277 267.671 264.108 260.589 257.114 253.684 250.299 246.959 243.664 240.415 237.211 234.052 230.939 227.872
560.355 554.271 548.212 542.180 536.177 530.206 524.269 518.368 512.504 506.679 500.895 495.151 489.450 483.792 478.178 472.608 467.083 461.603 456.168 450.780 445.436 440.139 434.887 429.681 424.520 419.404 414.334 409.308 404.327 399.390 394.498 389.649 384.844 380.083 375.364 370.688 366.055 361.464 356.916 352.409 347.944 343.521 339.139 334.798 330.499 326.240 322.041 317.886 313.772 309.699 305.668 301.678 297.730 293.823 289.959 286.137 282.358 278.621 274.928 271.277 267.671 264.108 260.589 257.114 253.684 250.299 246.959 243.664 240.415 237.211 234.052 230.939 227.872
560.355 554.271 548.212 542.180 536.177 530.206 524.269 518.368 512.504 506.679 500.895 495.151 489.450 483.792 478.178 472.608 467.083 461.603 456.168 450.780 445.436 440.139 434.887 429.681 424.520 419.404 414.334 409.308 404.327 399.390 394.498 389.649 384.844 380.083 375.364 370.688 366.055 361.464 356.916 352.409 347.944 343.521 339.139 334.798 330.499 326.240 322.041 317.886 313.772 309.699 305.668 301.678 297.730 293.823 289.959 286.137 282.358 278.621 274.928 271.277 267.671 264.108 260.589 257.114 253.684 250.299 246.959 243.664 240.415 237.211 234.052 230.939 227.872
560.355 554.271 548.212 542.180 536.177 530.206 524.269 518.368 512.504 506.679 500.895 495.151 489.450 483.792 478.178 472.608 467.083 461.603 456.168 450.780 445.436 440.139 434.887 429.681 424.520 419.404 414.334 409.308 404.327 399.390 394.498 389.649 384.844 380.083 375.364 370.688 366.055 361.464 356.916 352.409 347.944 343.521 339.139 334.798 330.499 326.240 322.041 317.886 313.772 309.699 305.668 301.678 297.730 293.823 289.959 286.137 282.358 278.621 274.928 271.277 267.671 264.108 260.589 257.114 253.684 250.299 246.959 243.664 240.415 237.211 234.052 230.939 227.872
560.355 554.271 548.212 542.180 536.177 530.206 524.269 518.368 512.504 506.679 500.895 495.151 489.450 483.792 478.178 472.608 467.083 461.603 456.168 450.780 445.436 440.139 434.887 429.681 424.520 419.404 414.334 409.308 404.327 399.390 394.498 389.649 384.844 380.083 375.364 370.688 366.055 361.464 356.916 352.409 347.944 343.521 339.139 334.798 330.499 326.240 322.041 317.886 313.772 309.699 305.668 301.678 297.730 293.823 289.959 286.137 282.358 278.621 274.928 271.277 267.671 264.108 260.589 257.114 253.684 250.299 246.959 243.664 240.415 237.211 234.052 230.939 227.872
560.355 554.271 548.212 542.180 536.177 530.206 524.269 518.368 512.504 506.679 500.895 495.151 489.450 483.792 478.178 472.608 467.083 461.603 456.168 450.780 445.436 440.139 434.887 429.681 424.520 419.404 414.334 409.308 404.327 399.390 394.498 389.649 384.844 380.083 375.364 370.688 366.055 361.464 356.916 352.409 347.944 343.521 339.139 334.798 330.499 326.240 322.041 317.886 313.772 309.699 305.668 301.678 297.730 293.823 289.959 286.137 282.358 278.621 274.928 271.277 267.671 264.108 260.589 257.114 253.684 250.299 246.959 243.664 240.415 237.211 234.052 230.939 227.872
560.355 554.271 548.212 542.180 536.177 530.206 524.269 518.368 512.504 506.679 500.895 495.151 489.450 483.792 478.178 472.608 467.083 461.603 456.168 450.780 445.436 440.139 434.887 429.681 424.520 419.404 414.334 409.308 404.327 399.390 394.498 389.649 384.844 380.083 375.364 370.688 366.055 361.464 356.916 352.409 347.944 343.521 339.139 334.798 330.499 326.240 322.041 317.886 313.772 309.699 305.668 301.678 297.730 293.823 289.959 286.137 282.358 278.621 274.928 271.277 267.671 264.108 260.589 257.114 253.684 250.299 246.959 243.664 240.415 237.211 234.052 230.939 227.872
560.355 554.271 548.212 542.180 536.177 530.206 524.269 518.368 512.504 506.679 500.895 495.151 489.450 483.792 478.178 472.608 467.083 461.603 456.168 450.780 445.436 440.139 434.887 429.681 424.520 419.404 414.334 409.308 404.327 399.390 394.498 389.649 384.844 380.083 375.364 370.688 366.055 361.464 356.916 352.409 347.944 343.521 339.139 334.798 330.499 326.240 322.041 317.886 313.772 309.699 305.668 301.678 297.730 293.823 289.959 286.137 282.358 278.621 274.928 271.277 267.671 264.108 260.589 257.114 253.684 250.299 246.959 243.664 240.415 237.211 234.052 230.939 227.872
560.355 554.271 548.212 542.180 536.177 530.206 524.269 518.368 512.504 506.679 500.895 495.151 489.450 483.792 478.178 472.608 467.083 461.603 456.168 450.780 445.436 440.139 434.887 429.681 424.520 419.404 414.334 409.308 404.327 399.390 394.498 389.649 384.844 380.083 375.364 370.688 366.055 361.464 356.916 352.409 347.944 343.521 339.139 334.798 330.499 326.240 322.041 317.886 313.772 309.699 305.668 301.678 297.730 293.823 289.959 286.137 282.358 278.621 274.928 271.277 267.671 264.108 260.589 257.114 253.684 250.299 246.959 243.664 240.415 237.211 234.052 230.939 227.872
560.355 554.271 548.212 542.180 536.177 530.206 524.269 518.368 512.504 506.679 500.895 495.151 489.450 483.792 478.178 472.608 467.083 461.603 456.168 450.780 445.436 440.139 434.887 429.681 424.520 419.404 414.334 409.308 404.327 399.390 394.498 389.649 384.844 380.083 375.364 370.688 366.055 361.464 356.916 352.409 347.944 343.521 339.139 334.798 330.499 326.240 322.041 317.886 313.772 309.699 305.668 301.678 297.730 293.823 289.959 286.137 282.358 278.621 274.928 271.277 267.671 264.108 260.589 257.114 253.684 250.299 246.959 243.664 240.415 237.211 234.052 230.939 227.872
560.355 554.271 548.212 542.180 536.177 530.206 524.269 518.368 512.504 506.679 500.895 495.151 489.450 483.792 478.178 472.608 467.083 461.603 456.168 450.780 445.436 440.139 434.887 429.681 424.520 419.404 414.334 409.308 404.327 399.390 394.498 389.649 384.844 380.083 375.364 370.688 366.055 361.464 356.916 352.409 347.944 343.521 339.139 334.798 330.499 326.240 322.041 317.886 313.772 309.699 305.668 301.678 297.730 293.823 289.959 286.137 282.358 278.621 274.928 271.277 267.671 264.108 260.589 257.114 253.684 250.299 246.959 243.664 240.415 237.211 234.052 230.939 227.872
560.355 554.271 548.212 542.180 536.177 530.206 524.269 518.368 512.504 506.679 500.895 495.151 489.450 483.792 478.178 472.608 467.083 461.603 456.168 450.780 445.436 440.139 434.887 429.681 424.520 419.404 414.334 409.308 404.327 399.390 394.498 389.649 384.844 380.083 375.364 370.688 366.055 361.464 356.916 352.409 347.944 343.521 339.139 334.798 330.499 326.240 322.041 317.886 313.772 309.699 305.668 301.678 297.730 293.823 289.959 286.137 282.358 278.621 274.928 271.277 267.671 264.108 260.589 257.114 253.684 250.299 246.959 243.664 240.415 237.211 234.052 230.939 227.872
560.355 554.271 548.212 542.180 536.177 530.206 524.269 518.368 512.504 506.679 500.895 495.151 489.450 483.792 478.178 472.608 467.083 461.603 456.168 450.780 445.436 440.139 434.887 429.681 424.520 419.404 414.334 409.308 404.327 399.390 394.498 389.649 384.844 380.083 375.364 370.688 366.055 361.464 356.916 352.409 347.944 343.521 339.139 334.798 330.499 326.240 322.041 317.886 313.772 309.699 305.668 301.678 297.730 293.823 289.959 286.137 282.358 278.621 274.928 271.277 267.671 264.108 260.589 257.114 253.684 250.299 246.959 243.664 240.415 237.211 234.052 230.939 227.872
560.355 554.271 548.212 542.180 536.177 530.206 524.269 518.368 512.504 506.679 500.895 495.151 489.450 483.792 478.178 472.608 467.083 461.603 456.168 450.780 445.436 440.139 434.887 429.681 424.520 419.404 414.334 409.308 404.327 399.390 394.498 389.649 384.844 380.083 375.364 370.688 366.055 361.464 356.916 352.409 347.944 343.521 339.139 334.798 330.499 326.240 322.041 317.886 313.772 309.699 305.668 301.678 297.730 293.823 289.959 286.137 282.358 278.621 274.928 271.277 267.671 264.108 260.589 257.114 253.684 250.299 246.959 243.664 240.415 237.211 234.052 230.939 227.872
560.355 554.271 548.212 542.180 536.177 530.206 524.269 518.368 512.504 506.679 500.895 495.151 489.450 483.792 478.178 472.608 467.083 461.603 456.168 450.780 445.436 440.139 434.887 429.681 424.520 419.404 414.334 409.308 404.327 399.390 394.498 389.649 384.844 380.083 375.364 370.688 366.055 361.464 356.916 352.409 347.944 343.521 339.139 334.798 330.499 326.240 322.041 317.886 313.772 309.699 305.668 301.678 297.730 293.823 289.959 286.137 282.358 278.621 274.928 271.277 267.671 264.108 260.589 257.114 253.684 250.299 246.959 243.664 240.415 237.211 234.052 230.939 227.872
560.355 554.271 548.212 542.180 536.177 530.206 524.269 518.368 512.504 506.679 500.895 495.151 489.450 483.792 478.178 472.608 467.083 461.603 456.168 450.780 445.436 440.139 434.887 429.681 424.520 419.404 414.334 409.308 404.327 399.390 394.498 389.649 384.844 380.083 375.364 370.688 366.055 361.464 356.916 352.409 347.944 343.521 339.139 334.798 330.499 326.240 322.041 317.886 313.772 309.699 305.668 301.678 297.730 293.823 289.959 286.137 282.358 278.621 274.928 271.277 267.671 264.108 260.589 257.114 253.684 250.299 246.959 243.664 240.415 237.211 234.052 230.939 227.872
560.355 554.271 548.212 542.180 536.177 530.206 524.269 518.368 512.504 506.679 500.895 495.151 489.450 483.792 478.178 472.608 467.083 461.603 456.168 450.780 445.436 440.139 434.887 429.681 424.520 419.404 414.334 409.308 404.327 399.390 394.498 389.649 384.844 380.083 375.364 370.688 366.055 361.464 356.916 352.409 347.944 343.521 339.139 334.798 330.499 326.240 322.041 317.886 313.772 309.699 305.668 301.678 297.730 293.823 289.959 286.137 282.358 278.621 274.928 271.277 267.671 264.108 260.589 257.114 253.684 250.299 246.959 243.664 240.415 237.211 234.052 230.939 227.872
560.355 554.271 548.212 542.180 536.177 530.206 524.269 518.368 512.504 506.679 500.895 495.151 489.450 483.792 478.178 472.608 467.083 461.603 456.168 450.780 445.436 440.139 434.887 429.681 424.520 419.404 414.334 409.308 404.327 399.390 394.498 389.649 384.844 380.083 375.364 370.688 366.055 361.464 356.916 352.409 347.944 343.521 339.139 334.798 330.499 326.240 322.041 317.886 313.772 309.699 305.668 301.678 297.730 293.823 289.959 286.137 282.358 278.621 274.928 271.277 267.671 264.108 260.589 257.114 253.684 250.299 246.959 243.664 240.415 237.211 234.052 230.939 227.872
560.355 554.271 548.212 542.180 536.177 530.206 524.269 518.368 512.504 506.679 500.895 495.151 489.450 483.792 478.178 472.608 467.083 461.603 456.168 450.780 445.436 440.139 434.887 429.681 424.520 419.404 414.334 409.308 404.327 399.390 394.498 389.649 384.844 380.083 375.364 370.688 366.055 361.464 356.916 352.409 347.944 343.521 339.139 334.798 330.499 326.240 322.041 317.886 313.772 309.699 305.668 301.678 297.730 293.823 289.959 286.137 282.358 278.621 274.928 271.277 267.671 264.108 260.589 257.114 253.684 250.299 246.959 243.664 240.415 237.211 234.052 230.939 227.872
560.355 554.271 548.212 542.180 536.177 530.206 524.269 518.368 512.504 506.679 500.895 495.151 489.450 483.792 478.178 472.608 467.083 461.603 456.168 450.780 445.436 440.139 434.887 429.681 424.520 419.404 414.334 409.308 404.327 399.390 394.498 389.649 384.844 380.083 375.364 370.688 366.055 361.464 356.916 352.409 347.944 343.521 339.139 334.798 330.499 326.240 322.041 317.886 313.772 309.699 305.668 301.678 297.730 293.823 289.959 286.137 282.358 278.621 274.928 271.277 267.671 264.108 260.589 257.114 253.684 250.299 246.959 243.664 240.415 237.211 234.052 230.939 227.872
560.355 554.271 548.212 542.180 536.177 530.206 524.269 518.368 512.504 506.679 500.895 495.151 489.450 483.792 478.178 472.608 467.083 461.603 456.168 450.780 445.436 440.139 434.887 429.681 424.520 419.404 414.334 409.308 404.327 399.390 394.498 389.649 384.844 380.083 375.364 370.688 366.055 361.464 356.916 352.409 347.944 343.521 339.139 334.798 330.499 326.240 322.041 317.886 313.772 309.699 305.668 301.678 297.730 293.823 289.959 286.137 282.358 278.621 274.928 271.277 267.671 264.108 260.589 257.114 253.684 250.299 246.959 243.664 240.415 237.211 234.052 230.939 227.872
560.355 554.271 548.212 542.180 536.177 530.206 524.269 518.368 512.504 506.679 500.895 495.151 489.450 483.792 478.178 472.608 467.083 461.603 456.168 450.780 445.436 440.139 434.887 429.681 424.520 419.404 414.334 409.308 404.327 399.390 394.498 389.649 384.844 380.083 375.364 370.688 366.055 361.464 356.916 352.409 347.944 343.521 339.139 334.798 330.499 326.240 322.041 317.886 313.772 309.699 305.668 301.678 297.730 293.823 289.959 286.137 282.358 278.621 274.928 271.277 267.671 264.108 260.589 257.114 253.684 250.299 246.959 243.664 240.415 237.211 234.052 230.939 227.872
560.355 554.271 548.212 542.180 536.177 530.206 524.269 518.368 512.504 506.679 500.895 495.151 489.450 483.792 478.178 472.608 467.083 461.603 456.168 450.780 445.436 440.139 434.887 429.681 424.520 419.404 414.334 409.308 404.327 399.390 394.498 389.649 384.844 380.083 375.364 370.688 366.055 361.464 356.916 352.409 347.944 343.521 339.139 334.798 330.499 326.240 322.041 317.886 313.772 309.699 305.668 301.678 297.730 293.823 289.959 286.137 282.358 278.621 274.928 271.277 267.671 264.108 260.589 257.114 253.684 250.299 246.959 243.664 240.415 237.211 234.052 230.939 227.872
560.355 554.271 548.212 542.180 536.177 530.206 524.269 518.368 512.504 506.679 500.895 495.151 489.450 483.792 478.178 472.608 467.083 461.603 456.168 450.780 445.436 440.139 434.887 429.681 424.520 419.404 414.334 409.308 404.327 399.390 394.498 389.649 384.844 380.083 375.364 370.688 366.055 361.464 356.916 352.409 347.944 343.521 339.139 334.798 330.499 326.240 322.041 317.886 313.772 309.699 305.668 301.678 297.730 293.823 289.959 286.137 282.358 278.621 274.928 271.277 267.671 264.108 260.589 257.114 253.684 250.299 246.959 243.664 240.415 237.211 234.052 230.939 227.872
560.355 554.271 548.212 542.180 536.177 530.206 524.269 518.368 512.504 506.679 500.895 495.151 489.450 483.792 478.178 472.608 467.083 461.603 456.168 450.780 445.436 440.139 434.887 429.681 424.520 419.404 414.334 409.308 404.327 399.390 394.498 389.649 384.844 380.083 375.364 370.688 366.055 361.464 356.916 352.409 347.944 343.521 339.139 334.798 330.499 326.240 322.041 317.886 313.772 309.699 305.668 301.678 297.730 293.823 289.959 286.137 282.358 278.621 274.928 271.277 267.671 264.108 260.589 257.114 253.684 250.299 246.959 243.664 240.415 237.211 234.052 230.939 227.872
560.355 554.271 548.212 542.180 536.177 530.206 524.269 518.368 512.504 506.679 500.895 495.151 489.450 483.792 478.178 472.608 467.083 461.603 456.168 450.780 445.436 440.139 434.887 429.681 424.520 419.404 414.334 409.308 404.327 399.390 394.498 389.649 384.844 380.083 375.364 370.688 366.055 361.464 356.916 352.409 347.944 343.521 339.139 334.798 330.499 326.240 322.041 317.886 313.772 309.699 305.668 301.678 297.730 293.823 289.959 286.137 282.358 278.621 274.928 271.277 267.671 264.108 260.589 257.114 253.684 250.299 246.959 243.664 240.415 237.211 234.052 230.939 227.872
560.355 554.271 548.212 542.180 536.177 530.206 524.269 518.368 512.504 506.679 500.895 495.151 489.450 483.792 478.178 472.608 467.083 461.603 456.168 450.780 445.436 440.139 434.887 429.681 424.520 419.404 414.334 409.308 404.327 399.390 394.498 389.649 384.844 380.083 375.364 370.688 366.055 361.464 356.916 352.409 347.944 343.521 339.139 334.798 330.499 326.240 322.041 317.886 313.772 309.699 305.668 301.678 297.730 293.823 289.959 286.137 282.358 278.621 274.928 271.277 267.671 264.108 260.589 257.114 253.684 250.299 246.959 243.664 240.415 237.211 234.052 230.939 227.872
560.355 554.271 548.212 542.180 536.177 530.206 524.269 518.368 512.504 506.679 500.895 495.151 489.450 483.792 478.178 472.608 467.083 461.603 456.168 450.780 445.436 440.139 434.887 429.681 424.520 419.404 414.334 409.308 404.327 399.390 394.498 389.649 384.844 380.083 375.364 370.688 366.055 361.464 356.916 352.409 347.944 343.521 339.139 334.798 330.499 326.240 322.041 317.886 313.772 309.699 305.668 301.678 297.730 293.823 289.959 286.137 282.358 278.621 274.928 271.277 267.671 264.108 260.589 257.114 253.684 250.299 246.959 243.664 240.415 237.211 234.052 230.939 227.872
