FlowPy_altitudediff/examples/dam/dam_010m_standard_cr100_sw250_f2500.20.6_n0.asc
ncols 501 
nrows 151 
xllcorner 0.000000 
yllcorner -750.000000 
cellsize 10.000000 
NODATA_value -9999.000000 
[rows 64 to 95 of 151, columns 0 to 72 of 501]
1000.939 992.158 983.423 974.734 966.093 957.500 948.955 940.458 932.010 923.612 915.264 906.966 898.719 890.524 882.381 874.291 866.254 858.271 850.343 842.470 834.653 826.892 819.188 811.542 803.955 796.427 788.958 781.551 774.204 766.920 759.699 752.541 745.448 738.420 731.458 724.562 717.734 710.974 704.284 697.663 691.112 684.634 678.227 671.893 665.633 659.447 653.336 647.301 641.342 635.461 629.657 623.932 618.286 612.719 607.233 601.827 596.503 591.260 586.100 581.023 576.030 571.121 566.298 561.560 556.910 552.349 547.877 543.497 539.212 535.025 530.938 526.958 523.091
1000.768 991.971 983.218 974.512 965.851 957.236 948.667 940.146 931.671 923.245 914.866 906.536 898.255 890.023 881.841 873.709 865.628 857.598 849.620 841.694 833.821 826.001 818.234 810.522 802.865 795.263 787.717 780.228 772.795 765.420 758.103 750.845 743.646 736.507 729.428 722.410 715.454 708.559 701.727 694.958 688.253 681.611 675.034 668.522 662.075 655.693 649.377 643.128 636.944 630.828 624.778 618.795 612.878 607.028 601.245 595.528 589.877 584.292 578.772 573.316 567.925 562.597 557.331 552.127 546.983 541.899 536.873 531.904 526.990 522.131 517.324 512.568 507.862
1000.617 991.805 983.037 974.314 965.635 957.002 948.413 939.869 931.371 922.920 914.514 906.156 897.844 889.580 881.363 873.195 865.074 857.003 848.981 841.009 833.086 825.214 817.393 809.623 801.905 794.238 786.625 779.064 771.556 764.102 756.702 749.357 742.066 734.831 727.652 720.529 713.462 706.452 699.500 692.605 685.768 678.989 672.268 665.606 659.003 652.458 645.973 639.547 633.180 626.872 620.623 614.433 608.301 602.228 596.213 590.255 584.354 578.509 572.720 566.986 561.305 555.678 550.102 544.577 539.102 533.674 528.294 522.958 517.666 512.416 507.206 502.034 496.899
1000.483 991.659 982.878 974.141 965.446 956.796 948.189 939.626 931.108 922.634 914.205 905.822 897.483 889.190 880.944 872.743 864.589 856.481 848.421 840.408 832.443 824.526 816.656 808.836 801.064 793.342 785.669 778.046 770.474 762.951 755.480 748.059 740.690 733.372 726.107 718.893 711.732 704.624 697.569 690.567 683.618 676.722 669.881 663.093 656.358 649.678 643.052 636.479 629.960 623.495 617.083 610.724 604.419 598.166 591.965 585.815 579.717 573.669 567.671 561.723 555.822 549.968 544.161 538.400 532.682 527.008 521.375 515.783 510.230 504.715 499.237 493.793 488.384
1000.368 991.533 982.740 973.990 965.282 956.617 947.994 939.415 930.879 922.386 913.937 905.531 897.170 888.853 880.580 872.351 864.167 856.029 847.935 839.887 831.885 823.929 816.018 808.154 800.337 792.567 784.843 777.167 769.538 761.957 754.424 746.939 739.502 732.114 724.775 717.485 710.244 703.052 695.909 688.817 681.773 674.780 667.836 660.943 654.099 647.305 640.561 633.867 627.222 620.627 614.081 607.585 601.137 594.738 588.387 582.083 575.827 569.618 563.455 557.337 551.264 545.235 539.249 533.306 527.405 521.544 515.723 509.941 504.196 498.489 492.817 487.180 481.577
1000.268 991.424 982.622 973.861 965.141 956.464 947.828 939.235 930.683 922.174 913.708 905.283 896.902 888.564 880.269 872.016 863.808 855.642 847.521 839.443 831.409 823.419 815.474 807.573 799.717 791.905 784.139 776.417 768.741 761.111 753.526 745.986 738.493 731.045 723.644 716.289 708.980 701.718 694.503 687.334 680.212 673.137 666.108 659.126 652.192 645.304 638.462 631.668 624.920 618.218 611.563 604.954 598.390 591.873 585.400 578.972 572.589 566.251 559.955 553.704 547.494 541.327 535.202 529.118 523.073 517.069 511.104 505.177 499.287 493.435 487.618 481.838 476.092
1000.186 991.334 982.523 973.753 965.024 956.336 947.689 939.084 930.519 921.997 913.516 905.076 896.678 888.322 880.008 871.736 863.507 855.319 847.174 839.071 831.011 822.994 815.019 807.088 799.199 791.353 783.551 775.792 768.077 760.405 752.777 745.192 737.652 730.155 722.702 715.294 707.930 700.610 693.334 686.103 678.916 671.773 664.675 657.621 650.612 643.647 636.727 629.851 623.019 616.231 609.487 602.787 596.130 589.517 582.947 576.421 569.936 563.495 557.095 550.737 544.421 538.145 531.911 525.716 519.561 513.445 507.369 501.330 495.330 489.367 483.441 477.552 471.698
1000.118 991.260 982.442 973.665 964.928 956.232 947.576 938.961 930.387 921.853 913.360 904.908 896.497 888.127 879.798 871.510 863.263 855.057 846.893 838.770 830.689 822.649 814.651 806.695 798.780 790.907 783.076 775.287 767.539 759.834 752.171 744.551 736.972 729.436 721.942 714.491 707.082 699.716 692.392 685.110 677.872 670.675 663.522 656.411 649.342 642.316 635.333 628.392 621.494 614.637 607.823 601.052 594.322 587.634 580.988 574.383 567.820 561.298 554.817 548.377 541.978 535.618 529.299 523.020 516.780 510.579 504.418 498.295 492.210 486.163 480.155 474.183 468.249
1000.066 991.203 982.380 973.598 964.855 956.152 947.489 938.866 930.284 921.742 913.240 904.778 896.357 887.976 879.635 871.335 863.075 854.855 846.676 838.538 830.440 822.383 814.367 806.391 798.457 790.562 782.709 774.897 767.125 759.395 751.705 744.056 736.449 728.882 721.357 713.873 706.430 699.028 691.667 684.347 677.069 669.832 662.636 655.481 648.368 641.295 634.264 627.274 620.325 613.417 606.550 599.724 592.939 586.195 579.491 572.828 566.206 559.623 553.082 546.580 540.118 533.697 527.315 520.973 514.670 508.406 502.182 495.996 489.850 483.742 477.672 471.641 465.649
1000.029 991.163 982.336 973.549 964.802 956.095 947.427 938.799 930.211 921.663 913.154 904.686 896.257 887.868 879.519 871.210 862.941 854.712 846.523 838.373 830.264 822.195 814.165 806.176 798.227 790.318 782.449 774.620 766.831 759.083 751.374 743.706 736.078 728.490 720.942 713.435 705.968 698.541 691.154 683.807 676.501 669.235 662.009 654.824 647.678 640.573 633.508 626.484 619.500 612.555 605.651 598.787 591.963 585.180 578.436 571.732 565.068 558.444 551.860 545.316 538.811 532.346 525.921 519.535 513.189 506.882 500.615 494.386 488.197 482.047 475.936 469.864 463.831
1000.007 991.139 982.310 973.521 964.771 956.061 947.390 938.759 930.168 921.616 913.103 904.631 896.198 887.804 879.450 871.136 862.861 854.626 846.431 838.275 830.159 822.082 814.045 806.048 798.090 790.172 782.294 774.455 766.656 758.897 751.177 743.497 735.856 728.256 720.695 713.173 705.692 698.250 690.847 683.485 676.162 668.879 661.635 654.432 647.267 640.143 633.058 626.013 619.008 612.042 605.116 598.230 591.383 584.576 577.808 571.080 564.392 557.744 551.135 544.565 538.035 531.545 525.094 518.683 512.311 505.978 499.686 493.432 487.218 481.043 474.908 468.812 462.756
1000.000 991.131 982.301 973.511 964.760 956.049 947.378 938.746 930.153 921.600 913.086 904.612 896.178 887.783 879.427 871.111 862.835 854.598 846.400 838.242 830.123 822.044 814.005 806.005 798.044 790.123 782.242 774.400 766.598 758.835 751.111 743.427 735.783 728.178 720.612 713.086 705.600 698.153 690.746 683.378 676.049 668.760 661.511 654.301 647.131 640.000 632.909 625.857 618.844 611.872 604.938 598.044 591.190 584.375 577.600 570.864 564.168 557.511 550.894 544.316 537.778 531.279 524.820 518.400 512.020 505.679 499.378 493.116 486.894 480.711 474.568 468.464 462.400
1000.007 991.139 982.310 973.521 964.771 956.061 947.390 938.759 930.168 921.616 913.103 904.631 896.198 887.804 879.450 871.136 862.861 854.626 846.431 838.275 830.159 822.082 814.045 806.048 798.090 790.172 782.294 774.455 766.656 758.897 751.177 743.497 735.856 728.256 720.695 713.173 705.692 698.250 690.847 683.485 676.162 668.879 661.635 654.432 647.267 640.143 633.058 626.013 619.008 612.042 605.116 598.230 591.383 584.576 577.808 571.080 564.392 557.744 551.135 544.565 538.035 531.545 525.094 518.683 512.311 505.978 499.686 493.432 487.218 481.043 474.908 468.812 462.756
1000.029 991.163 982.336 973.549 964.802 956.095 947.427 938.799 930.211 921.663 913.154 904.686 896.257 887.868 879.519 871.210 862.941 854.712 846.523 838.373 830.264 822.195 814.165 806.176 798.227 790.318 782.449 774.620 766.831 759.083 751.374 743.706 736.078 728.490 720.942 713.435 705.968 698.541 691.154 683.807 676.501 669.235 662.009 654.824 647.678 640.573 633.508 626.484 619.500 612.555 605.651 598.787 591.963 585.180 578.436 571.732 565.068 558.444 551.860 545.316 538.811 532.346 525.921 519.535 513.189 506.882 500.615 494.386 488.197 482.047 475.936 469.864 463.831
1000.066 991.203 982.380 973.598 964.855 956.152 947.489 938.866 930.284 921.742 913.240 904.778 896.357 887.976 879.635 871.335 863.075 854.855 846.676 838.538 830.440 822.383 814.367 806.391 798.457 790.562 782.709 774.897 767.125 759.395 751.705 744.056 736.449 728.882 721.357 713.873 706.430 699.028 691.667 684.347 677.069 669.832 662.636 655.481 648.368 641.295 634.264 627.274 620.325 613.417 606.550 599.724 592.939 586.195 579.491 572.828 566.206 559.623 553.082 546.580 540.118 533.697 527.315 520.973 514.670 508.406 502.182 495.996 489.850 483.742 477.672 471.641 465.649
1000.118 991.260 982.442 973.665 964.928 956.232 947.576 938.961 930.387 921.853 913.360 904.908 896.497 888.127 879.798 871.510 863.263 855.057 846.893 838.770 830.689 822.649 814.651 806.695 798.780 790.907 783.076 775.287 767.539 759.834 752.171 744.551 736.972 729.436 721.942 714.491 707.082 699.716 692.392 685.110 677.872 670.675 663.522 656.411 649.342 642.316 635.333 628.392 621.494 614.637 607.823 601.052 594.322 587.634 580.988 574.383 567.820 561.298 554.817 548.377 541.978 535.618 529.299 523.020 516.780 510.579 504.418 498.295 492.210 486.163 480.155 474.183 468.249
1000.186 991.334 982.523 973.753 965.024 956.336 947.689 939.084 930.519 921.997 913.516 905.076 896.678 888.322 880.008 871.736 863.507 855.319 847.174 839.071 831.011 822.994 815.019 807.088 799.199 791.353 783.551 775.792 768.077 760.405 752.777 745.192 737.652 730.155 722.702 715.294 707.930 700.610 693.334 686.103 678.916 671.773 664.675 657.621 650.612 643.647 636.727 629.851 623.019 616.231 609.487 602.787 596.130 589.517 582.947 576.421 569.936 563.495 557.095 550.737 544.421 538.145 531.911 525.716 519.561 513.445 507.369 501.330 495.330 489.367 483.441 477.552 471.698
1000.268 991.424 982.622 973.861 965.141 956.464 947.828 939.235 930.683 922.174 913.708 905.283 896.902 888.564 880.269 872.016 863.808 855.642 847.521 839.443 831.409 823.419 815.474 807.573 799.717 791.905 784.139 776.417 768.741 761.111 753.526 745.986 738.493 731.045 723.644 716.289 708.980 701.718 694.503 687.334 680.212 673.137 666.108 659.126 652.192 645.304 638.462 631.668 624.920 618.218 611.563 604.954 598.390 591.873 585.400 578.972 572.589 566.251 559.955 553.704 547.494 541.327 535.202 529.118 523.073 517.069 511.104 505.177 499.287 493.435 487.618 481.838 476.092
1000.368 991.533 982.740 973.990 965.282 956.617 947.994 939.415 930.879 922.386 913.937 905.531 897.170 888.853 880.580 872.351 864.167 856.029 847.935 839.887 831.885 823.929 816.018 808.154 800.337 792.567 784.843 777.167 769.538 761.957 754.424 746.939 739.502 732.114 724.775 717.485 710.244 703.052 695.909 688.817 681.773 674.780 667.836 660.943 654.099 647.305 640.561 633.867 627.222 620.627 614.081 607.585 601.137 594.738 588.387 582.083 575.827 569.618 563.455 557.337 551.264 545.235 539.249 533.306 527.405 521.544 515.723 509.941 504.196 498.489 492.817 487.180 481.577
1000.483 991.659 982.878 974.141 965.446 956.796 948.189 939.626 931.108 922.634 914.205 905.822 897.483 889.190 880.944 872.743 864.589 856.481 848.421 840.408 832.443 824.526 816.656 808.836 801.064 793.342 785.669 778.046 770.474 762.951 755.480 748.059 740.690 733.372 726.107 718.893 711.732 704.624 697.569 690.567 683.618 676.722 669.881 663.093 656.358 649.678 643.052 636.479 629.960 623.495 617.083 610.724 604.419 598.166 591.965 585.815 579.717 573.669 567.671 561.723 555.822 549.968 544.161 538.400 532.682 527.008 521.375 515.783 510.230 504.715 499.237 493.793 488.384
1000.617 991.805 983.037 974.314 965.635 957.002 948.413 939.869 931.371 922.920 914.514 906.156 897.844 889.580 881.363 873.195 865.074 857.003 848.981 841.009 833.086 825.214 817.393 809.623 801.905 794.238 786.625 779.064 771.556 764.102 756.702 749.357 742.066 734.831 727.652 720.529 713.462 706.452 699.500 692.605 685.768 678.989 672.268 665.606 659.003 652.458 645.973 639.547 633.180 626.872 620.623 614.433 608.301 602.228 596.213 590.255 584.354 578.509 572.720 566.986 561.305 555.678 550.102 544.577 539.102 533.674 528.294 522.958 517.666 512.416 507.206 502.034 496.899
1000.768 991.971 983.218 974.512 965.851 957.236 948.667 940.146 931.671 923.245 914.866 906.536 898.255 890.023 881.841 873.709 865.628 857.598 849.620 841.694 833.821 826.001 818.234 810.522 802.865 795.263 787.717 780.228 772.795 765.420 758.103 750.845 743.646 736.507 729.428 722.410 715.454 708.559 701.727 694.958 688.253 681.611 675.034 668.522 662.075 655.693 649.377 643.128 636.944 630.828 624.778 618.795 612.878 607.028 601.245 595.528 589.877 584.292 578.772 573.316 567.925 562.597 557.331 552.127 546.983 541.899 536.873 531.904 526.990 522.131 517.324 512.568 507.862
1000.939 992.158 983.423 974.734 966.093 957.500 948.955 940.458 932.010 923.612 915.264 906.966 898.719 890.524 882.381 874.291 866.254 858.271 850.343 842.470 834.653 826.892 819.188 811.542 803.955 796.427 788.958 781.551 774.204 766.920 759.699 752.541 745.448 738.420 731.458 724.562 717.734 710.974 704.284 697.663 691.112 684.634 678.227 671.893 665.633 659.447 653.336 647.301 641.342 635.461 629.657 623.932 618.286 612.719 607.233 601.827 596.503 591.260 586.100 581.023 576.030 571.121 566.298 561.560 556.910 552.349 547.877 543.497 539.212 535.025 530.938 526.958 523.091
1001.130 992.367 983.651 974.984 966.366 957.796 949.277 940.808 932.390 924.024 915.710 907.448 899.241 891.087 882.988 874.945 866.959 859.029 851.157 843.344 835.590 827.896 820.264 812.693 805.185 797.741 790.362 783.048 775.800 768.620 761.509 754.467 747.496 740.596 733.770 727.017 720.339 713.737 707.212 700.766 694.400 688.115 681.912 675.793 669.759 663.811 657.952 652.182 646.503 640.918 635.427 630.033 624.738 619.544 614.454 609.470 604.597 599.837 595.196 590.677 586.288 582.036 577.929 573.980 570.204 566.620 563.254 560.146 557.351 554.957 553.122 552.169 553.040
1001.344 992.601 983.907 975.263 966.670 958.128 949.637 941.200 932.815 924.485 916.209 907.988 899.824 891.717 883.668 875.678 867.748 859.878 852.070 844.324 836.642 829.025 821.473 813.988 806.571 799.222 791.944 784.738 777.604 770.544 763.559 756.651 749.822 743.072 736.403 729.817 723.315 716.900 710.572 704.335 698.190 692.139 686.184 680.328 674.573 668.923 663.380 657.948 652.631 647.432 642.356 637.409 632.598 627.929 623.411 619.056 614.875 610.887 607.111 603.578 600.326 597.412 594.926 593.016 591.972 592.534 600.008 597.205 591.038 584.877 578.725 572.585 566.461
1001.582 992.861 984.191 975.574 967.008 958.497 950.039 941.636 933.289 924.998 916.766 908.591 900.476 892.422 884.429 876.498 868.631 860.829 853.093 845.424 837.823 830.292 822.832 815.444 808.130 800.892 793.730 786.647 779.643 772.722 765.884 759.132 752.468 745.893 739.411 733.022 726.731 720.539 714.450 708.466 702.592 696.830 691.185 685.661 680.265 675.000 669.875 664.896 660.073 655.416 650.940 646.659 642.594 638.772 635.230 632.016 629.205 626.915 625.356 624.975 627.227 634.108 627.988 621.851 615.700 609.539 603.373 597.205 591.038 584.877 578.725 572.585 566.461
1001.846 993.151 984.508 975.919 967.386 958.907 950.486 942.122 933.817 925.572 917.387 909.264 901.204 893.209 885.279 877.415 869.620 861.894 854.240 846.657 839.149 831.716 824.361 817.085 809.889 802.777 795.749 788.809 781.957 775.198 768.533 761.964 755.496 749.130 742.870 736.721 730.685 724.768 718.974 713.308 707.778 702.388 697.149 692.068 687.158 682.431 677.903 673.596 669.536 665.757 662.308 659.258 656.717 654.871 654.102 655.498 664.334 658.350 652.332 646.284 640.208 634.108 627.988 621.851 615.700 609.539 603.373 597.205 591.038 584.877 578.725 572.585 566.461
1002.141 993.473 984.861 976.304 967.806 959.365 950.985 942.665 934.407 926.212 918.081 910.016 902.018 894.089 886.231 878.443 870.729 863.091 855.529 848.045 840.643 833.323 826.088 818.941 811.883 804.917 798.046 791.273 784.601 778.033 771.573 765.226 758.994 752.884 746.899 741.048 735.335 729.769 724.358 719.113 714.046 709.173 704.510 700.082 695.917 692.056 688.555 685.497 683.015 681.352 681.056 684.301 687.893 682.064 676.193 670.283 664.334 658.350 652.332 646.284 640.208 634.108 627.988 621.851 615.700 609.539 603.373 597.205 591.038 584.877 578.725 572.585 566.461
1002.469 993.833 985.254 976.735 968.275 959.877 951.543 943.272 935.067 926.929 918.859 910.860 902.933 895.079 887.302 879.601 871.980 864.441 856.986 849.617 842.337 835.148 828.054 821.057 814.160 807.368 800.684 794.111 787.656 781.321 775.114 769.040 763.107 757.321 751.693 746.233 740.954 735.871 731.003 726.375 722.016 717.970 714.294 711.078 708.467 706.733 706.546 711.814 710.778 705.122 699.422 693.679 687.893 682.064 676.193 670.283 664.334 658.350 652.332 646.284 640.208 634.108 627.988 621.851 615.700 609.539 603.373 597.205 591.038 584.877 578.725 572.585 566.461
1002.838 994.236 985.696 977.217 968.803 960.453 952.170 943.955 935.810 927.737 919.737 911.813 903.967 896.200 888.515 880.915 873.402 865.979 858.648 851.413 844.277 837.243 830.316 823.500 816.799 810.218 803.763 797.440 791.255 785.218 779.338 773.624 768.090 762.751 757.627 752.740 748.122 743.814 739.877 736.399 733.529 731.555 731.233 738.461 732.997 727.500 721.966 716.392 710.778 705.122 699.422 693.679 687.893 682.064 676.193 670.283 664.334 658.350 652.332 646.284 640.208 634.108 627.988 621.851 615.700 609.539 603.373 597.205 591.038 584.877 578.725 572.585 566.461
1003.254 994.692 986.195 977.764 969.400 961.105 952.881 944.731 936.655 928.656 920.738 912.901 905.148 897.483 889.907 882.425 875.039 867.754 860.572 853.498 846.537 839.693 832.973 826.381 819.926 813.615 807.458 801.464 795.646 790.020 784.604 779.421 774.502 769.889 765.639 761.843 758.655 756.385 755.951 760.045 754.681 749.299 743.893 738.461 732.997 727.500 721.966 716.392 710.778 705.122 699.422 693.679 687.893 682.064 676.193 670.283 664.334 658.350 652.332 646.284 640.208 634.108 627.988 621.851 615.700 609.539 603.373 597.205 591.038 584.877 578.725 572.585 566.461
1003.729 995.214 986.767 978.390 970.085 961.854 953.699 945.624 937.630 929.719 921.896 914.162 906.522 898.978 891.535 884.196 876.966 869.851 862.854 855.984 849.246 842.648 836.199 829.909 823.792 817.861 812.135 806.637 801.398 796.460 791.884 787.765 784.278 781.814 782.081 781.421 776.078 770.738 765.396 760.045 754.681 749.299 743.893 738.461 732.997 727.500 721.966 716.392 710.778 705.122 699.422 693.679 687.893 682.064 676.193 670.283 664.334 658.350 652.332 646.284 640.208 634.108 627.988 621.851 615.700 609.539 603.373 597.205 591.038 584.877 578.725 572.585 566.461
