FlowPy_altitudediff/examples/dam/dam_010m_standard_cr100_sw250_f2500.20.6_n0.asc
ncols 501 
nrows 151 
xllcorner 0.000000 
yllcorner -750.000000 
cellsize 10.000000 
NODATA_value -9999.000000 
[rows 32 to 63 of 151, columns 146 to 218 of 501]
224.851 221.875 218.945 216.059 213.218 210.420 207.666 204.955 202.285 199.656 197.065 194.513 191.997 189.515 187.065 184.646 182.254 179.887 177.543 175.219 172.911 170.616 168.331 166.052 163.776 161.498 159.216 156.925 154.622 152.302 149.963 147.601 145.212 142.793 140.342 137.855 135.331 132.767 130.162 127.514 124.824 122.090 119.312 116.493 113.632 110.731 107.793 104.820 101.815 98.783 95.726 92.650 89.559 86.459 83.354 80.251 77.156 74.074 71.011 67.975 64.971 62.005 59.083 56.212 53.397 50.644 47.958 45.344 42.806 40.350 37.979 35.697 33.508
224.851 221.875 218.945 216.059 213.218 210.420 207.666 204.955 202.285 199.656 197.065 194.513 191.997 189.515 187.065 184.646 182.254 179.887 177.543 175.219 172.911 170.616 168.331 166.052 163.776 161.498 159.216 156.925 154.622 152.302 149.963 147.601 145.212 142.793 140.342 137.855 135.331 132.767 130.162 127.514 124.824 122.090 119.312 116.493 113.632 110.731 107.793 104.820 101.815 98.783 95.726 92.650 89.559 86.459 83.354 80.251 77.156 74.074 71.011 67.975 64.971 62.005 59.083 56.212 53.397 50.644 47.958 45.344 42.806 40.350 37.979 35.697 33.508
224.851 221.875 218.945 216.059 213.218 210.420 207.666 204.955 202.285 199.656 197.065 194.513 191.997 189.515 187.065 184.646 182.254 179.887 177.543 175.219 172.911 170.616 168.331 166.052 163.776 161.498 159.216 156.925 154.622 152.302 149.963 147.601 145.212 142.793 140.342 137.855 135.331 132.767 130.162 127.514 124.824 122.090 119.312 116.493 113.632 110.731 107.793 104.820 101.815 98.783 95.726 92.650 89.559 86.459 83.354 80.251 77.156 74.074 71.011 67.975 64.971 62.005 59.083 56.212 53.397 50.644 47.958 45.344 42.806 40.350 37.979 35.697 33.508
224.851 221.875 218.945 216.059 213.218 210.420 207.666 204.955 202.285 199.656 197.065 194.513 191.997 189.515 187.065 184.646 182.254 179.887 177.543 175.219 172.911 170.616 168.331 166.052 163.776 161.498 159.216 156.925 154.622 152.302 149.963 147.601 145.212 142.793 140.342 137.855 135.331 132.767 130.162 127.514 124.824 122.090 119.312 116.493 113.632 110.731 107.793 104.820 101.815 98.783 95.726 92.650 89.559 86.459 83.354 80.251 77.156 74.074 71.011 67.975 64.971 62.005 59.083 56.212 53.397 50.644 47.958 45.344 42.806 40.350 37.979 35.697 33.508
224.851 221.875 218.945 216.059 213.218 210.420 207.666 204.955 202.285 199.656 197.065 194.513 191.997 189.515 187.065 184.646 182.254 179.887 177.543 175.219 172.911 170.616 168.331 166.052 163.776 161.498 159.216 156.925 154.622 152.302 149.963 147.601 145.212 142.793 140.342 137.855 135.331 132.767 130.162 127.514 124.824 122.090 119.312 116.493 113.632 110.731 107.793 104.820 101.815 98.783 95.726 92.650 89.559 86.459 83.354 80.251 77.156 74.074 71.011 67.975 64.971 62.005 59.083 56.212 53.397 50.644 47.958 45.344 42.806 40.350 37.979 35.697 33.508
224.851 221.875 218.945 216.059 213.218 210.420 207.666 204.955 202.285 199.656 197.065 194.513 191.997 189.515 187.065 184.646 182.254 179.887 177.543 175.219 172.911 170.616 168.331 166.052 163.776 161.498 159.216 156.925 154.622 152.302 149.963 147.601 145.212 142.793 140.342 137.855 135.331 132.767 130.162 127.514 124.824 122.090 119.312 116.493 113.632 110.731 107.793 104.820 101.815 98.783 95.726 92.650 89.559 86.459 83.354 80.251 77.156 74.074 71.011 67.975 64.971 62.005 59.083 56.212 53.397 50.644 47.958 45.344 42.806 40.350 37.979 35.697 33.508
224.851 221.875 218.945 216.059 213.218 210.420 207.666 204.955 202.285 199.656 197.065 194.513 191.997 189.515 187.065 184.646 182.254 179.887 177.543 175.219 172.911 170.616 168.331 166.052 163.776 161.498 159.216 156.925 154.622 152.302 149.963 147.601 145.212 142.793 140.342 137.855 135.331 132.767 130.162 127.514 124.824 122.090 119.312 116.493 113.632 110.731 107.793 104.820 101.815 98.783 95.726 92.650 89.559 86.459 83.354 80.251 77.156 74.074 71.011 67.975 64.971 62.005 59.083 56.212 53.397 50.644 47.958 45.344 42.806 40.350 37.979 35.697 33.508
224.851 221.875 218.945 216.059 213.218 210.420 207.666 204.955 202.285 199.656 197.065 194.513 191.997 189.515 187.065 184.646 182.254 179.887 177.543 175.219 172.911 170.616 168.331 166.052 163.776 161.498 159.216 156.925 154.622 152.302 149.963 147.601 145.212 142.793 140.342 137.855 135.331 132.767 130.162 127.514 124.824 122.090 119.312 116.493 113.632 110.731 107.793 104.820 101.815 98.783 95.726 92.650 89.559 86.459 83.354 80.251 77.156 74.074 71.011 67.975 64.971 62.005 59.083 56.212 53.397 50.644 47.958 45.344 42.806 40.350 37.979 35.697 33.508
224.851 221.875 218.945 216.059 213.218 210.420 207.666 204.955 202.285 199.656 197.065 194.513 191.997 189.515 187.065 184.646 182.254 179.887 177.543 175.219 172.911 170.616 168.331 166.052 163.776 161.498 159.216 156.925 154.622 152.302 149.963 147.601 145.212 142.793 140.342 137.855 135.331 132.767 130.162 127.514 124.824 122.090 119.312 116.493 113.632 110.731 107.793 104.820 101.815 98.783 95.726 92.650 89.559 86.459 83.354 80.251 77.156 74.074 71.011 67.975 64.971 62.005 59.083 56.212 53.397 50.644 47.958 45.344 42.806 40.350 37.979 35.697 33.508
224.851 221.875 218.945 216.059 213.218 210.420 207.666 204.955 202.285 199.656 197.065 194.513 191.997 189.515 187.065 184.646 182.254 179.887 177.543 175.219 172.911 170.616 168.331 166.052 163.776 161.498 159.216 156.925 154.622 152.302 149.963 147.601 145.212 142.793 140.342 137.855 135.331 132.767 130.162 127.514 124.824 122.090 119.312 116.493 113.632 110.731 107.793 104.820 101.815 98.783 95.726 92.650 89.559 86.459 83.354 80.251 77.156 74.074 71.011 67.975 64.971 62.005 59.083 56.212 53.397 50.644 47.958 45.344 42.806 40.350 37.979 35.697 33.508
224.851 221.875 218.945 216.059 213.218 210.420 207.666 204.955 202.285 199.656 197.065 194.513 191.997 189.515 187.065 184.646 182.254 179.887 177.543 175.219 172.911 170.616 168.331 166.052 163.776 161.498 159.216 156.925 154.622 152.302 149.963 147.601 145.212 142.793 140.342 137.855 135.331 132.767 130.162 127.514 124.824 122.090 119.312 116.493 113.632 110.731 107.793 104.820 101.815 98.783 95.726 92.650 89.559 86.459 83.354 80.251 77.156 74.074 71.011 67.975 64.971 62.005 59.083 56.212 53.397 50.644 47.958 45.344 42.806 40.350 37.979 35.697 33.508
224.851 221.875 218.945 216.059 213.218 210.420 207.666 204.955 202.285 199.656 197.065 194.513 191.997 189.515 187.065 184.646 182.254 179.887 177.543 175.219 172.911 170.616 168.331 166.052 163.776 161.498 159.216 156.925 154.622 152.302 149.963 147.601 145.212 142.793 140.342 137.855 135.331 132.767 130.162 127.514 124.824 122.090 119.312 116.493 113.632 110.731 107.793 104.820 101.815 98.783 95.726 92.650 89.559 86.459 83.354 80.251 77.156 74.074 71.011 67.975 64.971 62.005 59.083 56.212 53.397 50.644 47.958 45.344 42.806 40.350 37.979 35.697 33.508
224.851 221.875 218.945 216.059 213.218 210.420 207.666 204.955 202.285 199.656 197.065 194.513 191.997 189.515 187.065 184.646 182.254 179.887 177.543 175.219 172.911 170.616 168.331 166.052 163.776 161.498 159.216 156.925 154.622 152.302 149.963 147.601 145.212 142.793 140.342 137.855 135.331 132.767 130.162 127.514 124.824 122.090 119.312 116.493 113.632 110.731 107.793 104.820 101.815 98.783 95.726 92.650 89.559 86.459 83.354 80.251 77.156 74.074 71.011 67.975 64.971 62.005 59.083 56.212 53.397 50.644 47.958 45.344 42.806 40.350 37.979 35.697 33.508
224.851 221.875 218.945 216.059 213.218 210.420 207.666 204.955 202.285 199.656 197.065 194.513 191.997 189.515 187.065 184.646 182.254 179.887 177.543 175.219 172.911 170.616 168.331 166.052 163.776 161.498 159.216 156.925 154.622 152.302 149.963 147.601 145.212 142.793 140.342 137.855 135.331 132.767 130.162 127.514 124.824 122.090 119.312 116.493 113.632 110.731 107.793 104.820 101.815 98.783 95.726 92.650 89.559 86.459 83.354 80.251 77.156 74.074 71.011 67.975 64.971 62.005 59.083 56.212 53.397 50.644 47.958 45.344 42.806 40.350 37.979 35.697 33.508
224.851 221.875 218.945 216.059 213.218 210.420 207.666 204.955 202.285 199.656 197.065 194.513 191.997 189.515 187.065 184.646 182.254 179.887 177.543 175.219 172.911 170.616 168.331 166.052 163.776 161.498 159.216 156.925 154.622 152.302 149.963 147.601 145.212 142.793 140.342 137.855 135.331 132.767 130.162 127.514 124.824 122.090 119.312 116.493 113.632 110.731 107.793 104.820 101.815 98.783 95.726 92.650 89.559 86.459 83.354 80.251 77.156 74.074 71.011 67.975 64.971 62.005 59.083 56.212 53.397 50.644 47.958 45.344 42.806 40.350 37.979 35.697 33.508
224.851 221.875 218.945 216.059 213.218 210.420 207.666 204.955 202.285 199.656 197.065 194.513 191.997 189.515 187.065 184.646 182.254 179.887 177.543 175.219 172.911 170.616 168.331 166.052 163.776 161.498 159.216 156.925 154.622 152.302 149.963 147.601 145.212 142.793 140.342 137.855 135.331 132.767 130.162 127.514 124.824 122.090 119.312 116.493 113.632 110.731 107.793 104.820 101.815 98.783 95.726 92.650 89.559 86.459 83.354 80.251 77.156 74.074 71.011 67.975 64.971 62.005 59.083 56.212 53.397 50.644 47.958 45.344 42.806 40.350 37.979 35.697 33.508
224.851 221.875 218.945 216.059 213.218 210.420 207.666 204.955 202.285 199.656 197.065 194.513 191.997 189.515 187.065 184.646 182.254 179.887 177.543 175.219 172.911 170.616 168.331 166.052 163.776 161.498 159.216 156.925 154.622 152.302 149.963 147.601 145.212 142.793 140.342 137.855 135.331 132.767 130.162 127.514 124.824 122.090 119.312 116.493 113.632 110.731 107.793 104.820 101.815 98.783 95.726 92.650 89.559 86.459 83.354 80.251 77.156 74.074 71.011 67.975 64.971 62.005 59.083 56.212 53.397 50.644 47.958 45.344 42.806 40.350 37.979 35.697 33.508
224.851 221.875 218.945 216.059 213.218 210.420 207.666 204.955 202.285 199.656 197.065 194.513 191.997 189.515 187.065 184.646 182.254 179.887 177.543 175.219 172.911 170.616 168.331 166.052 163.776 161.498 159.216 156.925 154.622 152.302 149.963 147.601 145.212 142.793 140.342 137.855 135.331 132.767 130.162 127.514 124.824 122.090 119.312 116.493 113.632 110.731 107.793 104.820 101.815 98.783 95.726 92.650 89.559 86.459 83.354 80.251 77.156 74.074 71.011 67.975 64.971 62.005 59.083 56.212 53.397 50.644 47.958 45.344 42.806 40.350 37.979 35.697 33.508
224.851 221.875 218.945 216.059 213.218 210.420 207.666 204.955 202.285 199.656 197.065 194.513 191.997 189.515 187.065 184.646 182.254 179.887 177.543 175.219 172.911 170.616 168.331 166.052 163.776 161.498 159.216 156.925 154.622 152.302 149.963 147.601 145.212 142.793 140.342 137.855 135.331 132.767 130.162 127.514 124.824 122.090 119.312 116.493 113.632 110.731 107.793 104.820 101.815 98.783 95.726 92.650 89.559 86.459 83.354 80.251 77.156 74.074 71.011 67.975 64.971 62.005 59.083 56.212 53.397 50.644 47.958 45.344 42.806 40.350 37.979 35.697 33.508
224.851 221.875 218.945 216.059 213.218 210.420 207.666 204.955 202.285 199.656 197.065 194.513 191.997 189.515 187.065 184.646 182.254 179.887 177.543 175.219 172.911 170.616 168.331 166.052 163.776 161.498 159.216 156.925 154.622 152.302 149.963 147.601 145.212 142.793 140.342 137.855 135.331 132.767 130.162 127.514 124.824 122.090 119.312 116.493 113.632 110.731 107.793 104.820 101.815 98.783 95.726 92.650 89.559 86.459 83.354 80.251 77.156 74.074 71.011 67.975 64.971 62.005 59.083 56.212 53.397 50.644 47.958 45.344 42.806 40.350 37.979 35.697 33.508
224.851 221.875 218.945 216.059 213.218 210.420 207.666 204.955 202.285 199.656 197.065 194.513 191.997 189.515 187.065 184.646 182.254 179.887 177.543 175.219 172.911 170.616 168.331 166.052 163.776 161.498 159.216 156.925 154.622 152.302 149.963 147.601 145.212 142.793 140.342 137.855 135.331 132.767 130.162 127.514 124.824 122.090 119.312 116.493 113.632 110.731 107.793 104.820 101.815 98.783 95.726 92.650 89.559 86.459 83.354 80.251 77.156 74.074 71.011 67.975 64.971 62.005 59.083 56.212 53.397 50.644 47.958 45.344 42.806 40.350 37.979 35.697 33.508
224.851 221.875 218.945 216.059 213.218 210.420 207.666 204.955 202.285 199.656 197.065 194.513 191.997 189.515 187.065 184.646 182.254 179.887 177.543 175.219 172.911 170.616 168.331 166.052 163.776 161.498 159.216 156.925 154.622 152.302 149.963 147.601 145.212 142.793 140.342 137.855 135.331 132.767 130.162 127.514 124.824 122.090 119.312 116.493 113.632 110.731 107.793 104.820 101.815 98.783 95.726 92.650 89.559 86.459 83.354 80.251 77.156 74.074 71.011 67.975 64.971 62.005 59.083 56.212 53.397 50.644 47.958 45.662 40.193 35.817 32.100 28.872 26.038
224.851 221.875 218.945 216.059 213.218 210.420 207.666 204.955 202.285 199.656 197.065 194.513 191.997 189.515 187.065 184.646 182.254 179.887 177.543 175.219 172.911 170.616 168.331 166.052 163.776 161.498 159.216 156.925 154.622 152.302 149.963 147.601 145.212 142.793 140.342 137.855 135.331 132.767 130.162 127.514 124.824 122.090 119.312 116.493 113.632 110.731 107.793 104.820 101.815 98.783 95.726 92.650 89.559 86.459 83.354 80.251 77.156 74.074 71.011 67.975 64.971 73.277 63.571 56.515 50.558 45.364 40.777 36.702 33.071 29.830 26.935 24.347 22.032
224.851 221.875 218.945 216.059 213.218 210.420 207.666 204.955 202.285 199.656 197.065 194.513 191.997 189.515 187.065 184.646 182.254 179.887 177.543 175.219 172.911 170.616 168.331 166.052 163.776 161.498 159.216 156.925 154.622 152.302 149.963 147.601 145.212 142.793 140.342 137.855 135.331 132.767 130.162 127.514 124.824 122.090 119.312 116.493 113.632 110.731 107.793 104.820 101.815 98.783 95.726 92.650 89.559 86.459 83.354 80.251 77.156 89.826 80.561 72.647 65.604 59.248 53.488 48.263 43.528 39.245 35.378 31.894 28.760 25.946 23.421 21.159 19.133
224.851 221.875 218.945 216.059 213.218 210.420 207.666 204.955 202.285 199.656 197.065 194.513 191.997 189.515 187.065 184.646 182.254 179.887 177.543 175.219 172.911 170.616 168.331 166.052 163.776 161.498 159.216 156.925 154.622 152.302 149.963 147.601 145.212 142.793 140.342 137.855 135.331 132.767 130.162 127.514 124.824 122.090 119.312 116.493 113.632 110.731 107.793 104.820 101.815 98.783 95.726 92.650 121.847 110.133 100.701 92.242 84.430 77.146 70.339 63.988 58.083 52.615 47.576 42.954 38.734 34.897 31.422 28.285 25.462 22.926 20.653 18.619 16.802
224.851 221.875 218.945 216.059 213.218 210.420 207.666 204.955 202.285 199.656 197.065 194.513 191.997 189.515 187.065 184.646 182.254 179.887 177.543 175.219 172.911 170.616 168.331 166.052 163.776 161.498 159.216 156.925 154.622 152.302 149.963 147.601 145.212 142.793 140.342 137.855 135.331 132.767 130.162 127.514 124.824 122.090 119.312 116.493 113.632 110.731 107.793 104.820 139.108 128.721 120.003 111.956 104.286 96.889 89.733 82.820 76.169 69.806 63.757 58.046 52.691 47.702 43.087 38.842 34.960 31.428 28.230 25.345 22.751 20.426 18.347 16.492 14.838
224.851 221.875 218.945 216.059 213.218 210.420 207.666 204.955 202.285 199.656 197.065 194.513 191.997 189.515 187.065 184.646 182.254 179.887 177.543 175.219 172.911 170.616 168.331 166.052 163.776 161.498 159.216 156.925 154.622 152.302 149.963 147.601 145.212 142.793 140.342 137.855 135.331 132.767 130.162 127.514 124.824 122.090 119.312 116.493 149.629 141.108 133.977 127.339 120.880 114.466 108.042 101.597 95.149 88.730 82.383 76.157 70.099 64.256 58.667 53.366 48.380 43.727 39.415 35.448 31.820 28.523 25.540 22.854 20.444 18.290 16.369 14.661 13.144
224.851 221.875 218.945 216.059 213.218 210.420 207.666 204.955 202.285 199.656 197.065 194.513 191.997 189.515 187.065 184.646 182.254 179.887 177.543 175.219 172.911 170.616 168.331 166.052 163.776 161.498 159.216 156.925 154.622 152.302 149.963 147.601 145.212 142.793 140.342 137.855 135.331 132.767 130.162 163.937 151.758 145.200 139.896 135.081 130.427 125.756 120.963 115.992 110.818 105.439 99.878 94.168 88.357 82.497 76.648 70.867 65.211 59.732 54.476 49.479 44.773 40.377 36.304 32.557 29.134 26.026 23.220 20.698 18.442 16.431 14.644 13.059 11.659
224.851 221.875 218.945 216.059 213.218 210.420 207.666 204.955 202.285 199.656 197.065 194.513 191.997 189.515 187.065 184.646 182.254 179.887 177.543 175.219 172.911 170.616 168.331 166.052 163.776 161.498 159.216 156.925 154.622 152.302 149.963 147.601 145.212 142.793 140.342 155.245 147.387 142.310 138.358 134.989 131.914 128.947 125.950 122.822 119.487 115.890 112.000 107.802 103.301 98.517 93.485 88.252 82.871 77.404 71.914 66.462 61.110 55.912 50.915 46.160 41.679 37.492 33.614 30.049 26.796 23.848 21.191 18.809 16.684 14.795 13.122 11.645 10.346
224.851 221.875 218.945 216.059 213.218 210.420 207.666 204.955 202.285 199.656 197.065 194.513 191.997 189.515 187.065 184.646 182.254 179.887 177.543 175.219 172.911 170.616 168.331 166.052 163.776 161.498 159.216 156.925 154.622 152.302 155.830 146.131 140.302 136.008 132.641 129.905 127.611 125.614 123.793 122.041 120.260 118.365 116.280 113.941 111.298 108.316 104.978 101.278 97.230 92.861 88.209 83.326 78.270 73.104 67.892 62.701 57.592 52.621 47.837 43.281 38.986 34.974 31.260 27.850 24.742 21.930 19.401 17.139 15.127 13.345 11.772 10.389 9.178
224.851 221.875 218.945 216.059 213.218 210.420 207.666 204.955 202.285 199.656 197.065 194.513 191.997 189.515 187.065 184.646 182.254 179.887 177.543 175.219 172.911 170.616 168.331 166.052 163.776 153.101 144.810 138.728 133.850 129.825 126.476 123.690 121.384 119.484 117.922 116.627 115.525 114.540 113.596 112.613 111.517 110.236 108.707 106.873 104.694 102.138 99.193 95.857 92.148 88.094 83.737 79.129 74.331 69.406 64.422 59.444 54.536 49.753 45.147 40.759 36.622 32.760 29.186 25.909 22.926 20.232 17.814 15.658 13.745 12.055 10.570 9.270 8.136
224.851 221.875 218.945 216.059 213.218 210.420 207.666 204.955 202.285 199.656 197.065 194.513 191.997 189.515 187.065 184.646 182.254 179.887 167.747 157.909 150.568 144.359 138.895 134.012 129.627 125.693 122.187 119.090 116.390 114.074 112.125 110.521 109.234 108.228 107.459 106.875 106.416 106.017 105.608 105.119 104.479 103.622 102.485 101.019 99.183 96.949 94.306 91.254 87.812 84.009 79.890 75.506 70.919 66.195 61.400 56.601 51.862 47.239 42.785 38.541 34.539 30.805 27.354 24.191 21.317 18.726 16.405 14.341 12.514 10.907 9.499 8.272 7.206
