examples/standard/5m_standard_n10.asc
ncols 501 
nrows 301 
xllcorner 0.000000 
yllcorner -750.000000 
cellsize 5.000000 
NODATA_value -9999.000000 
[rows 96 to 127 of 301, columns 355 to 425 of 501]
0.139 0.130 0.121 0.112 0.105 0.097 0.091 0.084 0.078 0.073 0.068 0.063 0.058 0.054 0.050 0.046 0.043 0.040 0.037 0.034 0.032 0.029 0.027 0.025 0.023 0.021 0.020 0.018 0.017 0.015 0.014 0.013 0.012 0.011 0.010 0.009 0.009 0.008 0.007 0.007 0.006 0.006 0.005 0.005 0.004 0.004 0.004 0.003 0.003 0.003 0.003 0.002 0.002 0.002 0.002 0.002 0.001 0.001 0.001 0.001 0.001 0.001 0.001 0.001 0.001 0.001 0.001 0.001 0.000 0.000 0.000
0.139 0.130 0.121 0.112 0.105 0.097 0.091 0.084 0.078 0.073 0.068 0.063 0.058 0.054 0.050 0.046 0.043 0.040 0.037 0.034 0.032 0.029 0.027 0.025 0.023 0.021 0.020 0.018 0.017 0.015 0.014 0.013 0.012 0.011 0.010 0.009 0.009 0.008 0.007 0.007 0.006 0.006 0.005 0.005 0.004 0.004 0.004 0.003 0.003 0.003 0.003 0.002 0.002 0.002 0.002 0.002 0.001 0.001 0.001 0.001 0.001 0.001 0.001 0.001 0.001 0.001 0.001 0.001 0.000 0.000 0.000
0.139 0.130 0.121 0.112 0.105 0.097 0.091 0.084 0.078 0.073 0.068 0.063 0.058 0.054 0.050 0.046 0.043 0.040 0.037 0.034 0.032 0.029 0.027 0.025 0.023 0.021 0.020 0.018 0.017 0.015 0.014 0.013 0.012 0.011 0.010 0.009 0.009 0.008 0.007 0.007 0.006 0.006 0.005 0.005 0.004 0.004 0.004 0.003 0.003 0.003 0.003 0.002 0.002 0.002 0.002 0.002 0.001 0.001 0.001 0.001 0.001 0.001 0.001 0.001 0.001 0.001 0.001 0.001 0.000 0.000 0.000
0.139 0.130 0.121 0.112 0.105 0.097 0.091 0.084 0.078 0.073 0.068 0.063 0.058 0.054 0.050 0.046 0.043 0.040 0.037 0.034 0.032 0.029 0.027 0.025 0.023 0.021 0.020 0.018 0.017 0.015 0.014 0.013 0.012 0.011 0.010 0.009 0.009 0.008 0.007 0.007 0.006 0.006 0.005 0.005 0.004 0.004 0.004 0.003 0.003 0.003 0.003 0.002 0.002 0.002 0.002 0.002 0.001 0.001 0.001 0.001 0.001 0.001 0.001 0.001 0.001 0.001 0.001 0.001 0.000 0.000 0.000
0.139 0.130 0.121 0.112 0.105 0.097 0.091 0.084 0.078 0.073 0.068 0.063 0.058 0.054 0.050 0.046 0.043 0.040 0.037 0.034 0.032 0.029 0.027 0.025 0.023 0.021 0.020 0.018 0.017 0.015 0.014 0.013 0.012 0.011 0.010 0.009 0.009 0.008 0.007 0.007 0.006 0.006 0.005 0.005 0.004 0.004 0.004 0.003 0.003 0.003 0.003 0.002 0.002 0.002 0.002 0.002 0.001 0.001 0.001 0.001 0.001 0.001 0.001 0.001 0.001 0.001 0.001 0.001 0.000 0.000 0.000
0.112 0.104 0.097 0.090 0.084 0.078 0.073 0.068 0.063 0.058 0.054 0.050 0.047 0.043 0.040 0.037 0.034 0.032 0.030 0.027 0.025 0.023 0.022 0.020 0.018 0.017 0.016 0.014 0.013 0.012 0.011 0.010 0.010 0.009 0.008 0.008 0.007 0.006 0.006 0.005 0.005 0.005 0.004 0.004 0.003 0.003 0.003 0.003 0.002 0.002 0.002 0.002 0.002 0.002 0.001 0.001 0.001 0.001 0.001 0.001 0.001 0.001 0.001 0.001 0.001 0.001 0.000 0.000 0.000 0.000 0.000
0.100 0.094 0.087 0.081 0.075 0.070 0.065 0.061 0.056 0.052 0.049 0.045 0.042 0.039 0.036 0.033 0.031 0.029 0.027 0.025 0.023 0.021 0.019 0.018 0.017 0.015 0.014 0.013 0.012 0.011 0.010 0.009 0.009 0.008 0.007 0.007 0.006 0.006 0.005 0.005 0.004 0.004 0.004 0.003 0.003 0.003 0.003 0.002 0.002 0.002 0.002 0.002 0.002 0.001 0.001 0.001 0.001 0.001 0.001 0.001 0.001 0.001 0.001 0.001 0.001 0.000 0.000 0.000 0.000 0.000 0.000
0.092 0.086 0.080 0.074 0.069 0.064 0.060 0.056 0.052 0.048 0.045 0.041 0.038 0.036 0.033 0.031 0.028 0.026 0.024 0.022 0.021 0.019 0.018 0.016 0.015 0.014 0.013 0.012 0.011 0.010 0.009 0.009 0.008 0.007 0.007 0.006 0.006 0.005 0.005 0.004 0.004 0.004 0.003 0.003 0.003 0.003 0.002 0.002 0.002 0.002 0.002 0.002 0.001 0.001 0.001 0.001 0.001 0.001 0.001 0.001 0.001 0.001 0.001 0.001 0.000 0.000 0.000 0.000 0.000 0.000 0.000
0.085 0.079 0.074 0.068 0.064 0.059 0.055 0.051 0.048 0.044 0.041 0.038 0.035 0.033 0.030 0.028 0.026 0.024 0.022 0.021 0.019 0.018 0.016 0.015 0.014 0.013 0.012 0.011 0.010 0.009 0.009 0.008 0.007 0.007 0.006 0.006 0.005 0.005 0.004 0.004 0.004 0.003 0.003 0.003 0.003 0.002 0.002 0.002 0.002 0.002 0.002 0.001 0.001 0.001 0.001 0.001 0.001 0.001 0.001 0.001 0.001 0.001 0.001 0.000 0.000 0.000 0.000 0.000 0.000 0.000 0.000
0.079 0.073 0.068 0.064 0.059 0.055 0.051 0.048 0.044 0.041 0.038 0.035 0.033 0.030 0.028 0.026 0.024 0.022 0.021 0.019 0.018 0.016 0.015 0.014 0.013 0.012 0.011 0.010 0.009 0.009 0.008 0.007 0.007 0.006 0.006 0.005 0.005 0.004 0.004 0.004 0.003 0.003 0.003 0.003 0.002 0.002 0.002 0.002 0.002 0.002 0.001 0.001 0.001 0.001 0.001 0.001 0.001 0.001 0.001 0.001 0.001 0.001 0.000 0.000 0.000 0.000 0.000 0.000 0.000 0.000 0.000
0.073 0.068 0.063 0.059 0.055 0.051 0.048 0.044 0.041 0.038 0.035 0.033 0.031 0.028 0.026 0.024 0.023 0.021 0.019 0.018 0.017 0.015 0.014 0.013 0.012 0.011 0.010 0.009 0.009 0.008 0.007 0.007 0.006 0.006 0.005 0.005 0.005 0.004 0.004 0.004 0.003 0.003 0.003 0.002 0.002 0.002 0.002 0.002 0.002 0.001 0.001 0.001 0.001 0.001 0.001 0.001 0.001 0.001 0.001 0.001 0.001 0.000 0.000 0.000 0.000 0.000 0.000 0.000 0.000 0.000 0.000
0.068 0.064 0.059 0.055 0.051 0.048 0.044 0.041 0.038 0.036 0.033 0.031 0.028 0.026 0.024 0.023 0.021 0.019 0.018 0.017 0.015 0.014 0.013 0.012 0.011 0.010 0.010 0.009 0.008 0.008 0.007 0.006 0.006 0.005 0.005 0.005 0.004 0.004 0.004 0.003 0.003 0.003 0.003 0.002 0.002 0.002 0.002 0.002 0.001 0.001 0.001 0.001 0.001 0.001 0.001 0.001 0.001 0.001 0.001 0.001 0.001 0.000 0.000 0.000 0.000 0.000 0.000 0.000 0.000 0.000 0.000
0.064 0.059 0.055 0.051 0.048 0.045 0.041 0.039 0.036 0.033 0.031 0.029 0.027 0.025 0.023 0.021 0.020 0.018 0.017 0.016 0.014 0.013 0.012 0.011 0.011 0.010 0.009 0.008 0.008 0.007 0.006 0.006 0.006 0.005 0.005 0.004 0.004 0.004 0.003 0.003 0.003 0.003 0.002 0.002 0.002 0.002 0.002 0.002 0.001 0.001 0.001 0.001 0.001 0.001 0.001 0.001 0.001 0.001 0.001 0.001 0.000 0.000 0.000 0.000 0.000 0.000 0.000 0.000 0.000 0.000 0.000
0.060 0.056 0.052 0.048 0.045 0.042 0.039 0.036 0.033 0.031 0.029 0.027 0.025 0.023 0.021 0.020 0.018 0.017 0.016 0.015 0.013 0.012 0.012 0.011 0.010 0.009 0.008 0.008 0.007 0.007 0.006 0.006 0.005 0.005 0.004 0.004 0.004 0.003 0.003 0.003 0.003 0.002 0.002 0.002 0.002 0.002 0.002 0.001 0.001 0.001 0.001 0.001 0.001 0.001 0.001 0.001 0.001 0.001 0.001 0.000 0.000 0.000 0.000 0.000 0.000 0.000 0.000 0.000 0.000 0.000 0.000
0.056 0.052 0.048 0.045 0.042 0.039 0.036 0.034 0.031 0.029 0.027 0.025 0.023 0.022 0.020 0.019 0.017 0.016 0.015 0.014 0.013 0.012 0.011 0.010 0.009 0.008 0.008 0.007 0.007 0.006 0.006 0.005 0.005 0.004 0.004 0.004 0.003 0.003 0.003 0.003 0.002 0.002 0.002 0.002 0.002 0.002 0.001 0.001 0.001 0.001 0.001 0.001 0.001 0.001 0.001 0.001 0.001 0.001 0.000 0.000 0.000 0.000 0.000 0.000 0.000 0.000 0.000 0.000 0.000 0.000 0.000
0.052 0.049 0.045 0.042 0.039 0.036 0.034 0.032 0.029 0.027 0.025 0.023 0.022 0.020 0.019 0.017 0.016 0.015 0.014 0.013 0.012 0.011 0.010 0.009 0.009 0.008 0.007 0.007 0.006 0.006 0.005 0.005 0.004 0.004 0.004 0.004 0.003 0.003 0.003 0.003 0.002 0.002 0.002 0.002 0.002 0.001 0.001 0.001 0.001 0.001 0.001 0.001 0.001 0.001 0.001 0.001 0.001 0.001 0.000 0.000 0.000 0.000 0.000 0.000 0.000 0.000 0.000 0.000 0.000 0.000 0.000
0.049 0.045 0.042 0.039 0.037 0.034 0.032 0.029 0.027 0.025 0.024 0.022 0.020 0.019 0.018 0.016 0.015 0.014 0.013 0.012 0.011 0.010 0.009 0.009 0.008 0.007 0.007 0.006 0.006 0.005 0.005 0.005 0.004 0.004 0.004 0.003 0.003 0.003 0.003 0.002 0.002 0.002 0.002 0.002 0.002 0.001 0.001 0.001 0.001 0.001 0.001 0.001 0.001 0.001 0.001 0.001 0.001 0.000 0.000 0.000 0.000 0.000 0.000 0.000 0.000 0.000 0.000 0.000 0.000 0.000 0.000
0.046 0.043 0.040 0.037 0.034 0.032 0.030 0.028 0.026 0.024 0.022 0.021 0.019 0.018 0.016 0.015 0.014 0.013 0.012 0.011 0.010 0.010 0.009 0.008 0.008 0.007 0.006 0.006 0.005 0.005 0.005 0.004 0.004 0.004 0.003 0.003 0.003 0.003 0.002 0.002 0.002 0.002 0.002 0.002 0.001 0.001 0.001 0.001 0.001 0.001 0.001 0.001 0.001 0.001 0.001 0.001 0.000 0.000 0.000 0.000 0.000 0.000 0.000 0.000 0.000 0.000 0.000 0.000 0.000 0.000 0.000
0.043 0.040 0.037 0.034 0.032 0.030 0.028 0.026 0.024 0.022 0.021 0.019 0.018 0.017 0.015 0.014 0.013 0.012 0.011 0.010 0.010 0.009 0.008 0.008 0.007 0.007 0.006 0.006 0.005 0.005 0.004 0.004 0.004 0.003 0.003 0.003 0.003 0.002 0.002 0.002 0.002 0.002 0.002 0.001 0.001 0.001 0.001 0.001 0.001 0.001 0.001 0.001 0.001 0.001 0.001 0.000 0.000 0.000 0.000 0.000 0.000 0.000 0.000 0.000 0.000 0.000 0.000 0.000 0.000 0.000 0.000
0.040 0.037 0.035 0.032 0.030 0.028 0.026 0.024 0.022 0.021 0.019 0.018 0.017 0.015 0.014 0.013 0.012 0.011 0.011 0.010 0.009 0.008 0.008 0.007 0.007 0.006 0.006 0.005 0.005 0.004 0.004 0.004 0.003 0.003 0.003 0.003 0.002 0.002 0.002 0.002 0.002 0.002 0.001 0.001 0.001 0.001 0.001 0.001 0.001 0.001 0.001 0.001 0.001 0.001 0.001 0.000 0.000 0.000 0.000 0.000 0.000 0.000 0.000 0.000 0.000 0.000 0.000 0.000 0.000 0.000 0.000
0.037 0.035 0.032 0.030 0.028 0.026 0.024 0.022 0.021 0.019 0.018 0.017 0.016 0.014 0.013 0.012 0.011 0.011 0.010 0.009 0.008 0.008 0.007 0.007 0.006 0.006 0.005 0.005 0.004 0.004 0.004 0.003 0.003 0.003 0.003 0.002 0.002 0.002 0.002 0.002 0.002 0.002 0.001 0.001 0.001 0.001 0.001 0.001 0.001 0.001 0.001 0.001 0.001 0.001 0.000 0.000 0.000 0.000 0.000 0.000 0.000 0.000 0.000 0.000 0.000 0.000 0.000 0.000 0.000 0.000 0.000
0.035 0.032 0.030 0.028 0.026 0.024 0.023 0.021 0.019 0.018 0.017 0.016 0.014 0.013 0.012 0.012 0.011 0.010 0.009 0.008 0.008 0.007 0.007 0.006 0.006 0.005 0.005 0.004 0.004 0.004 0.004 0.003 0.003 0.003 0.003 0.002 0.002 0.002 0.002 0.002 0.002 0.001 0.001 0.001 0.001 0.001 0.001 0.001 0.001 0.001 0.001 0.001 0.001 0.000 0.000 0.000 0.000 0.000 0.000 0.000 0.000 0.000 0.000 0.000 0.000 0.000 0.000 0.000 0.000 0.000 0.000
0.032 0.030 0.028 0.026 0.024 0.023 0.021 0.020 0.018 0.017 0.016 0.015 0.013 0.012 0.012 0.011 0.010 0.009 0.009 0.008 0.007 0.007 0.006 0.006 0.005 0.005 0.005 0.004 0.004 0.004 0.003 0.003 0.003 0.003 0.002 0.002 0.002 0.002 0.002 0.002 0.001 0.001 0.001 0.001 0.001 0.001 0.001 0.001 0.001 0.001 0.001 0.001 0.000 0.000 0.000 0.000 0.000 0.000 0.000 0.000 0.000 0.000 0.000 0.000 0.000 0.000 0.000 0.000 0.000 0.000 0.000
0.030 0.028 0.026 0.024 0.023 0.021 0.020 0.018 0.017 0.016 0.015 0.014 0.013 0.012 0.011 0.010 0.009 0.009 0.008 0.007 0.007 0.006 0.006 0.005 0.005 0.005 0.004 0.004 0.004 0.003 0.003 0.003 0.003 0.002 0.002 0.002 0.002 0.002 0.002 0.001 0.001 0.001 0.001 0.001 0.001 0.001 0.001 0.001 0.001 0.001 0.001 0.001 0.000 0.000 0.000 0.000 0.000 0.000 0.000 0.000 0.000 0.000 0.000 0.000 0.000 0.000 0.000 0.000 0.000 0.000 0.000
0.028 0.026 0.024 0.023 0.021 0.019 0.018 0.017 0.016 0.015 0.014 0.013 0.012 0.011 0.010 0.009 0.009 0.008 0.007 0.007 0.006 0.006 0.005 0.005 0.005 0.004 0.004 0.004 0.003 0.003 0.003 0.003 0.002 0.002 0.002 0.002 0.002 0.002 0.001 0.001 0.001 0.001 0.001 0.001 0.001 0.001 0.001 0.001 0.001 0.001 0.001 0.000 0.000 0.000 0.000 0.000 0.000 0.000 0.000 0.000 0.000 0.000 0.000 0.000 0.000 0.000 0.000 0.000 0.000 0.000 0.000
0.026 0.024 0.022 0.021 0.019 0.018 0.017 0.016 0.015 0.013 0.013 0.012 0.011 0.010 0.009 0.009 0.008 0.007 0.007 0.006 0.006 0.005 0.005 0.005 0.004 0.004 0.004 0.003 0.003 0.003 0.003 0.002 0.002 0.002 0.002 0.002 0.002 0.001 0.001 0.001 0.001 0.001 0.001 0.001 0.001 0.001 0.001 0.001 0.001 0.001 0.000 0.000 0.000 0.000 0.000 0.000 0.000 0.000 0.000 0.000 0.000 0.000 0.000 0.000 0.000 0.000 0.000 0.000 0.000 0.000 0.000
0.024 0.022 0.021 0.019 0.018 0.017 0.016 0.014 0.013 0.012 0.012 0.011 0.010 0.009 0.009 0.008 0.007 0.007 0.006 0.006 0.005 0.005 0.005 0.004 0.004 0.004 0.003 0.003 0.003 0.003 0.002 0.002 0.002 0.002 0.002 0.002 0.001 0.001 0.001 0.001 0.001 0.001 0.001 0.001 0.001 0.001 0.001 0.001 0.001 0.000 0.000 0.000 0.000 0.000 0.000 0.000 0.000 0.000 0.000 0.000 0.000 0.000 0.000 0.000 0.000 0.000 0.000 0.000 0.000 0.000 0.000
0.022 0.021 0.019 0.018 0.017 0.015 0.014 0.013 0.012 0.012 0.011 0.010 0.009 0.009 0.008 0.007 0.007 0.006 0.006 0.005 0.005 0.005 0.004 0.004 0.004 0.003 0.003 0.003 0.003 0.002 0.002 0.002 0.002 0.002 0.002 0.001 0.001 0.001 0.001 0.001 0.001 0.001 0.001 0.001 0.001 0.001 0.001 0.001 0.000 0.000 0.000 0.000 0.000 0.000 0.000 0.000 0.000 0.000 0.000 0.000 0.000 0.000 0.000 0.000 0.000 0.000 0.000 0.000 0.000 0.000 0.000
0.020 0.019 0.018 0.016 0.015 0.014 0.013 0.012 0.011 0.011 0.010 0.009 0.008 0.008 0.007 0.007 0.006 0.006 0.005 0.005 0.005 0.004 0.004 0.004 0.003 0.003 0.003 0.003 0.002 0.002 0.002 0.002 0.002 0.002 0.001 0.001 0.001 0.001 0.001 0.001 0.001 0.001 0.001 0.001 0.001 0.001 0.001 0.000 0.000 0.000 0.000 0.000 0.000 0.000 0.000 0.000 0.000 0.000 0.000 0.000 0.000 0.000 0.000 0.000 0.000 0.000 0.000 0.000 0.000 0.000 0.000
0.019 0.017 0.016 0.015 0.014 0.013 0.012 0.011 0.010 0.010 0.009 0.008 0.008 0.007 0.007 0.006 0.006 0.005 0.005 0.005 0.004 0.004 0.004 0.003 0.003 0.003 0.003 0.002 0.002 0.002 0.002 0.002 0.002 0.001 0.001 0.001 0.001 0.001 0.001 0.001 0.001 0.001 0.001 0.001 0.001 0.001 0.000 0.000 0.000 0.000 0.000 0.000 0.000 0.000 0.000 0.000 0.000 0.000 0.000 0.000 0.000 0.000 0.000 0.000 0.000 0.000 0.000 0.000 0.000 0.000 0.000
0.017 0.016 0.015 0.014 0.013 0.012 0.011 0.010 0.010 0.009 0.008 0.008 0.007 0.007 0.006 0.006 0.005 0.005 0.005 0.004 0.004 0.004 0.003 0.003 0.003 0.003 0.002 0.002 0.002 0.002 0.002 0.002 0.001 0.001 0.001 0.001 0.001 0.001 0.001 0.001 0.001 0.001 0.001 0.001 0.001 0.000 0.000 0.000 0.000 0.000 0.000 0.000 0.000 0.000 0.000 0.000 0.000 0.000 0.000 0.000 0.000 0.000 0.000 0.000 0.000 0.000 0.000 0.000 0.000 0.000 0.000
0.016 0.015 0.014 0.013 0.012 0.011 0.010 0.009 0.009 0.008 0.008 0.007 0.007 0.006 0.006 0.005 0.005 0.004 0.004 0.004 0.004 0.003 0.003 0.003 0.003 0.002 0.002 0.002 0.002 0.002 0.002 0.001 0.001 0.001 0.001 0.001 0.001 0.001 0.001 0.001 0.001 0.001 0.001 0.001 0.000 0.000 0.000 0.000 0.000 0.000 0.000 0.000 0.000 0.000 0.000 0.000 0.000 0.000 0.000 0.000 0.000 0.000 0.000 0.000 0.000 0.000 0.000 0.000 0.000 0.000 0.000
