examples/standard/5m_standard_n10.asc
ncols 501 
nrows 301 
xllcorner 0.000000 
yllcorner -750.000000 
cellsize 5.000000 
NODATA_value -9999.000000 
[rows 224 to 255 of 301, columns 0 to 70 of 501]
723.560 719.973 716.416 712.889 709.391 705.922 702.482 699.071 695.689 692.334 689.008 685.710 682.439 679.195 675.978 672.787 669.622 666.482 663.367 660.276 657.209 654.166 651.145 648.146 645.169 642.213 639.277 636.360 633.462 630.583 627.721 624.876 622.047 619.233 616.433 613.648 610.875 608.115 605.366 602.628 599.899 597.180 594.469 591.765 589.069 586.378 583.693 581.012 578.335 575.661 572.990 570.320 567.652 564.984 562.315 559.646 556.976 554.303 551.628 548.950 546.269 543.583 540.894 538.199 535.500 532.795 530.085 527.368 524.645 521.916 519.180
723.560 719.973 716.416 712.889 709.391 705.922 702.482 699.071 695.689 692.334 689.008 685.710 682.439 679.195 675.978 672.787 669.622 666.482 663.367 660.276 657.209 654.166 651.145 648.146 645.169 642.213 639.277 636.360 633.462 630.583 627.721 624.876 622.047 619.233 616.433 613.648 610.875 608.115 605.366 602.628 599.899 597.180 594.469 591.765 589.069 586.378 583.693 581.012 578.335 575.661 572.990 570.320 567.652 564.984 562.315 559.646 556.976 554.303 551.628 548.950 546.269 543.583 540.894 538.199 535.500 532.795 530.085 527.368 524.645 521.916 519.180
723.560 719.973 716.416 712.889 709.391 705.922 702.482 699.071 695.689 692.334 689.008 685.710 682.439 679.195 675.978 672.787 669.622 666.482 663.367 660.276 657.209 654.166 651.145 648.146 645.169 642.213 639.277 636.360 633.462 630.583 627.721 624.876 622.047 619.233 616.433 613.648 610.875 608.115 605.366 602.628 599.899 597.180 594.469 591.765 589.069 586.378 583.693 581.012 578.335 575.661 572.990 570.320 567.652 564.984 562.315 559.646 556.976 554.303 551.628 548.950 546.269 543.583 540.894 538.199 535.500 532.795 530.085 527.368 524.645 521.916 519.180
723.560 719.973 716.416 712.889 709.391 705.922 702.482 699.071 695.689 692.334 689.008 685.710 682.439 679.195 675.978 672.787 669.622 666.482 663.367 660.276 657.209 654.166 651.145 648.146 645.169 642.213 639.277 636.360 633.462 630.583 627.721 624.876 622.047 619.233 616.433 613.648 610.875 608.115 605.366 602.628 599.899 597.180 594.469 591.765 589.069 586.378 583.693 581.012 578.335 575.661 572.990 570.320 567.652 564.984 562.315 559.646 556.976 554.303 551.628 548.950 546.269 543.583 540.894 538.199 535.500 532.795 530.085 527.368 524.645 521.916 519.180
723.560 719.973 716.416 712.889 709.391 705.922 702.482 699.071 695.689 692.334 689.008 685.710 682.439 679.195 675.978 672.787 669.622 666.482 663.367 660.276 657.209 654.166 651.145 648.146 645.169 642.213 639.277 636.360 633.462 630.583 627.721 624.876 622.047 619.233 616.433 613.648 610.875 608.115 605.366 602.628 599.899 597.180 594.469 591.765 589.069 586.378 583.693 581.012 578.335 575.661 572.990 570.320 567.652 564.984 562.315 559.646 556.976 554.303 551.628 548.950 546.269 543.583 540.894 538.199 535.500 532.795 530.085 527.368 524.645 521.916 519.180
723.560 719.973 716.416 712.889 709.391 705.922 702.482 699.071 695.689 692.334 689.008 685.710 682.439 679.195 675.978 672.787 669.622 666.482 663.367 660.276 657.209 654.166 651.145 648.146 645.169 642.213 639.277 636.360 633.462 630.583 627.721 624.876 622.047 619.233 616.433 613.648 610.875 608.115 605.366 602.628 599.899 597.180 594.469 591.765 589.069 586.378 583.693 581.012 578.335 575.661 572.990 570.320 567.652 564.984 562.315 559.646 556.976 554.303 551.628 548.950 546.269 543.583 540.894 538.199 535.500 532.795 530.085 527.368 524.645 521.916 519.180
723.560 719.973 716.416 712.889 709.391 705.922 702.482 699.071 695.689 692.334 689.008 685.710 682.439 679.195 675.978 672.787 669.622 666.482 663.367 660.276 657.209 654.166 651.145 648.146 645.169 642.213 639.277 636.360 633.462 630.583 627.721 624.876 622.047 619.233 616.433 613.648 610.875 608.115 605.366 602.628 599.899 597.180 594.469 591.765 589.069 586.378 583.693 581.012 578.335 575.661 572.990 570.320 567.652 564.984 562.315 559.646 556.976 554.303 551.628 548.950 546.269 543.583 540.894 538.199 535.500 532.795 530.085 527.368 524.645 521.916 519.180
723.560 719.973 716.416 712.889 709.391 705.922 702.482 699.071 695.689 692.334 689.008 685.710 682.439 679.195 675.978 672.787 669.622 666.482 663.367 660.276 657.209 654.166 651.145 648.146 645.169 642.213 639.277 636.360 633.462 630.583 627.721 624.876 622.047 619.233 616.433 613.648 610.875 608.115 605.366 602.628 599.899 597.180 594.469 591.765 589.069 586.378 583.693 581.012 578.335 575.661 572.990 570.320 567.652 564.984 562.315 559.646 556.976 554.303 551.628 548.950 546.269 543.583 540.894 538.199 535.500 532.795 530.085 527.368 524.645 521.916 519.180
723.560 719.973 716.416 712.889 709.391 705.922 702.482 699.071 695.689 692.334 689.008 685.710 682.439 679.195 675.978 672.787 669.622 666.482 663.367 660.276 657.209 654.166 651.145 648.146 645.169 642.213 639.277 636.360 633.462 630.583 627.721 624.876 622.047 619.233 616.433 613.648 610.875 608.115 605.366 602.628 599.899 597.180 594.469 591.765 589.069 586.378 583.693 581.012 578.335 575.661 572.990 570.320 567.652 564.984 562.315 559.646 556.976 554.303 551.628 548.950 546.269 543.583 540.894 538.199 535.500 532.795 530.085 527.368 524.645 521.916 519.180
723.560 719.973 716.416 712.889 709.391 705.922 702.482 699.071 695.689 692.334 689.008 685.710 682.439 679.195 675.978 672.787 669.622 666.482 663.367 660.276 657.209 654.166 651.145 648.146 645.169 642.213 639.277 636.360 633.462 630.583 627.721 624.876 622.047 619.233 616.433 613.648 610.875 608.115 605.366 602.628 599.899 597.180 594.469 591.765 589.069 586.378 583.693 581.012 578.335 575.661 572.990 570.320 567.652 564.984 562.315 559.646 556.976 554.303 551.628 548.950 546.269 543.583 540.894 538.199 535.500 532.795 530.085 527.368 524.645 521.916 519.180
723.560 719.973 716.416 712.889 709.391 705.922 702.482 699.071 695.689 692.334 689.008 685.710 682.439 679.195 675.978 672.787 669.622 666.482 663.367 660.276 657.209 654.166 651.145 648.146 645.169 642.213 639.277 636.360 633.462 630.583 627.721 624.876 622.047 619.233 616.433 613.648 610.875 608.115 605.366 602.628 599.899 597.180 594.469 591.765 589.069 586.378 583.693 581.012 578.335 575.661 572.990 570.320 567.652 564.984 562.315 559.646 556.976 554.303 551.628 548.950 546.269 543.583 540.894 538.199 535.500 532.795 530.085 527.368 524.645 521.916 519.180
723.560 719.973 716.416 712.889 709.391 705.922 702.482 699.071 695.689 692.334 689.008 685.710 682.439 679.195 675.978 672.787 669.622 666.482 663.367 660.276 657.209 654.166 651.145 648.146 645.169 642.213 639.277 636.360 633.462 630.583 627.721 624.876 622.047 619.233 616.433 613.648 610.875 608.115 605.366 602.628 599.899 597.180 594.469 591.765 589.069 586.378 583.693 581.012 578.335 575.661 572.990 570.320 567.652 564.984 562.315 559.646 556.976 554.303 551.628 548.950 546.269 543.583 540.894 538.199 535.500 532.795 530.085 527.368 524.645 521.916 519.180
723.560 719.973 716.416 712.889 709.391 705.922 702.482 699.071 695.689 692.334 689.008 685.710 682.439 679.195 675.978 672.787 669.622 666.482 663.367 660.276 657.209 654.166 651.145 648.146 645.169 642.213 639.277 636.360 633.462 630.583 627.721 624.876 622.047 619.233 616.433 613.648 610.875 608.115 605.366 602.628 599.899 597.180 594.469 591.765 589.069 586.378 583.693 581.012 578.335 575.661 572.990 570.320 567.652 564.984 562.315 559.646 556.976 554.303 551.628 548.950 546.269 543.583 540.894 538.199 535.500 532.795 530.085 527.368 524.645 521.916 519.180
723.560 719.973 716.416 712.889 709.391 705.922 702.482 699.071 695.689 692.334 689.008 685.710 682.439 679.195 675.978 672.787 669.622 666.482 663.367 660.276 657.209 654.166 651.145 648.146 645.169 642.213 639.277 636.360 633.462 630.583 627.721 624.876 622.047 619.233 616.433 613.648 610.875 608.115 605.366 602.628 599.899 597.180 594.469 591.765 589.069 586.378 583.693 581.012 578.335 575.661 572.990 570.320 567.652 564.984 562.315 559.646 556.976 554.303 551.628 548.950 546.269 543.583 540.894 538.199 535.500 532.795 530.085 527.368 524.645 521.916 519.180
723.560 719.973 716.416 712.889 709.391 705.922 702.482 699.071 695.689 692.334 689.008 685.710 682.439 679.195 675.978 672.787 669.622 666.482 663.367 660.276 657.209 654.166 651.145 648.146 645.169 642.213 639.277 636.360 633.462 630.583 627.721 624.876 622.047 619.233 616.433 613.648 610.875 608.115 605.366 602.628 599.899 597.180 594.469 591.765 589.069 586.378 583.693 581.012 578.335 575.661 572.990 570.320 567.652 564.984 562.315 559.646 556.976 554.303 551.628 548.950 546.269 543.583 540.894 538.199 535.500 532.795 530.085 527.368 524.645 521.916 519.180
723.560 719.973 716.416 712.889 709.391 705.922 702.482 699.071 695.689 692.334 689.008 685.710 682.439 679.195 675.978 672.787 669.622 666.482 663.367 660.276 657.209 654.166 651.145 648.146 645.169 642.213 639.277 636.360 633.462 630.583 627.721 624.876 622.047 619.233 616.433 613.648 610.875 608.115 605.366 602.628 599.899 597.180 594.469 591.765 589.069 586.378 583.693 581.012 578.335 575.661 572.990 570.320 567.652 564.984 562.315 559.646 556.976 554.303 551.628 548.950 546.269 543.583 540.894 538.199 535.500 532.795 530.085 527.368 524.645 521.916 519.180
723.560 719.973 716.416 712.889 709.391 705.922 702.482 699.071 695.689 692.334 689.008 685.710 682.439 679.195 675.978 672.787 669.622 666.482 663.367 660.276 657.209 654.166 651.145 648.146 645.169 642.213 639.277 636.360 633.462 630.583 627.721 624.876 622.047 619.233 616.433 613.648 610.875 608.115 605.366 602.628 599.899 597.180 594.469 591.765 589.069 586.378 583.693 581.012 578.335 575.661 572.990 570.320 567.652 564.984 562.315 559.646 556.976 554.303 551.628 548.950 546.269 543.583 540.894 538.199 535.500 532.795 530.085 527.368 524.645 521.916 519.180
723.560 719.973 716.416 712.889 709.391 705.922 702.482 699.071 695.689 692.334 689.008 685.710 682.439 679.195 675.978 672.787 669.622 666.482 663.367 660.276 657.209 654.166 651.145 648.146 645.169 642.213 639.277 636.360 633.462 630.583 627.721 624.876 622.047 619.233 616.433 613.648 610.875 608.115 605.366 602.628 599.899 597.180 594.469 591.765 589.069 586.378 583.693 581.012 578.335 575.661 572.990 570.320 567.652 564.984 562.315 559.646 556.976 554.303 551.628 548.950 546.269 543.583 540.894 538.199 535.500 532.795 530.085 527.368 524.645 521.916 519.180
723.560 719.973 716.416 712.889 709.391 705.922 702.482 699.071 695.689 692.334 689.008 685.710 682.439 679.195 675.978 672.787 669.622 666.482 663.367 660.276 657.209 654.166 651.145 648.146 645.169 642.213 639.277 636.360 633.462 630.583 627.721 624.876 622.047 619.233 616.433 613.648 610.875 608.115 605.366 602.628 599.899 597.180 594.469 591.765 589.069 586.378 583.693 581.012 578.335 575.661 572.990 570.320 567.652 564.984 562.315 559.646 556.976 554.303 551.628 548.950 546.269 543.583 540.894 538.199 535.500 532.795 530.085 527.368 524.645 521.916 519.180
723.560 719.973 716.416 712.889 709.391 705.922 702.482 699.071 695.689 692.334 689.008 685.710 682.439 679.195 675.978 672.787 669.622 666.482 663.367 660.276 657.209 654.166 651.145 648.146 645.169 642.213 639.277 636.360 633.462 630.583 627.721 624.876 622.047 619.233 616.433 613.648 610.875 608.115 605.366 602.628 599.899 597.180 594.469 591.765 589.069 586.378 583.693 581.012 578.335 575.661 572.990 570.320 567.652 564.984 562.315 559.646 556.976 554.303 551.628 548.950 546.269 543.583 540.894 538.199 535.500 532.795 530.085 527.368 524.645 521.916 519.180
723.560 719.973 716.416 712.889 709.391 705.922 702.482 699.071 695.689 692.334 689.008 685.710 682.439 679.195 675.978 672.787 669.622 666.482 663.367 660.276 657.209 654.166 651.145 648.146 645.169 642.213 639.277 636.360 633.462 630.583 627.721 624.876 622.047 619.233 616.433 613.648 610.875 608.115 605.366 602.628 599.899 597.180 594.469 591.765 589.069 586.378 583.693 581.012 578.335 575.661 572.990 570.320 567.652 564.984 562.315 559.646 556.976 554.303 551.628 548.950 546.269 543.583 540.894 538.199 535.500 532.795 530.085 527.368 524.645 521.916 519.180
723.560 719.973 716.416 712.889 709.391 705.922 702.482 699.071 695.689 692.334 689.008 685.710 682.439 679.195 675.978 672.787 669.622 666.482 663.367 660.276 657.209 654.166 651.145 648.146 645.169 642.213 639.277 636.360 633.462 630.583 627.721 624.876 622.047 619.233 616.433 613.648 610.875 608.115 605.366 602.628 599.899 597.180 594.469 591.765 589.069 586.378 583.693 581.012 578.335 575.661 572.990 570.320 567.652 564.984 562.315 559.646 556.976 554.303 551.628 548.950 546.269 543.583 540.894 538.199 535.500 532.795 530.085 527.368 524.645 521.916 519.180
723.560 719.973 716.416 712.889 709.391 705.922 702.482 699.071 695.689 692.334 689.008 685.710 682.439 679.195 675.978 672.787 669.622 666.482 663.367 660.276 657.209 654.166 651.145 648.146 645.169 642.213 639.277 636.360 633.462 630.583 627.721 624.876 622.047 619.233 616.433 613.648 610.875 608.115 605.366 602.628 599.899 597.180 594.469 591.765 589.069 586.378 583.693 581.012 578.335 575.661 572.990 570.320 567.652 564.984 562.315 559.646 556.976 554.303 551.628 548.950 546.269 543.583 540.894 538.199 535.500 532.795 530.085 527.368 524.645 521.916 519.180
723.560 719.973 716.416 712.889 709.391 705.922 702.482 699.071 695.689 692.334 689.008 685.710 682.439 679.195 675.978 672.787 669.622 666.482 663.367 660.276 657.209 654.166 651.145 648.146 645.169 642.213 639.277 636.360 633.462 630.583 627.721 624.876 622.047 619.233 616.433 613.648 610.875 608.115 605.366 602.628 599.899 597.180 594.469 591.765 589.069 586.378 583.693 581.012 578.335 575.661 572.990 570.320 567.652 564.984 562.315 559.646 556.976 554.303 551.628 548.950 546.269 543.583 540.894 538.199 535.500 532.795 530.085 527.368 524.645 521.916 519.180
723.560 719.973 716.416 712.889 709.391 705.922 702.482 699.071 695.689 692.334 689.008 685.710 682.439 679.195 675.978 672.787 669.622 666.482 663.367 660.276 657.209 654.166 651.145 648.146 645.169 642.213 639.277 636.360 633.462 630.583 627.721 624.876 622.047 619.233 616.433 613.648 610.875 608.115 605.366 602.628 599.899 597.180 594.469 591.765 589.069 586.378 583.693 581.012 578.335 575.661 572.990 570.320 567.652 564.984 562.315 559.646 556.976 554.303 551.628 548.950 546.269 543.583 540.894 538.199 535.500 532.795 530.085 527.368 524.645 521.916 519.180
723.560 719.973 716.416 712.889 709.391 705.922 702.482 699.071 695.689 692.334 689.008 685.710 682.439 679.195 675.978 672.787 669.622 666.482 663.367 660.276 657.209 654.166 651.145 648.146 645.169 642.213 639.277 636.360 633.462 630.583 627.721 624.876 622.047 619.233 616.433 613.648 610.875 608.115 605.366 602.628 599.899 597.180 594.469 591.765 589.069 586.378 583.693 581.012 578.335 575.661 572.990 570.320 567.652 564.984 562.315 559.646 556.976 554.303 551.628 548.950 546.269 543.583 540.894 538.199 535.500 532.795 530.085 527.368 524.645 521.916 519.180
723.560 719.973 716.416 712.889 709.391 705.922 702.482 699.071 695.689 692.334 689.008 685.710 682.439 679.195 675.978 672.787 669.622 666.482 663.367 660.276 657.209 654.166 651.145 648.146 645.169 642.213 639.277 636.360 633.462 630.583 627.721 624.876 622.047 619.233 616.433 613.648 610.875 608.115 605.366 602.628 599.899 597.180 594.469 591.765 589.069 586.378 583.693 581.012 578.335 575.661 572.990 570.320 567.652 564.984 562.315 559.646 556.976 554.303 551.628 548.950 546.269 543.583 540.894 538.199 535.500 532.795 530.085 527.368 524.645 521.916 519.180
723.560 719.973 716.416 712.889 709.391 705.922 702.482 699.071 695.689 692.334 689.008 685.710 682.439 679.195 675.978 672.787 669.622 666.482 663.367 660.276 657.209 654.166 651.145 648.146 645.169 642.213 639.277 636.360 633.462 630.583 627.721 624.876 622.047 619.233 616.433 613.648 610.875 608.115 605.366 602.628 599.899 597.180 594.469 591.765 589.069 586.378 583.693 581.012 578.335 575.661 572.990 570.320 567.652 564.984 562.315 559.646 556.976 554.303 551.628 548.950 546.269 543.583 540.894 538.199 535.500 532.795 530.085 527.368 524.645 521.916 519.180
723.560 719.973 716.416 712.889 709.391 705.922 702.482 699.071 695.689 692.334 689.008 685.710 682.439 679.195 675.978 672.787 669.622 666.482 663.367 660.276 657.209 654.166 651.145 648.146 645.169 642.213 639.277 636.360 633.462 630.583 627.721 624.876 622.047 619.233 616.433 613.648 610.875 608.115 605.366 602.628 599.899 597.180 594.469 591.765 589.069 586.378 583.693 581.012 578.335 575.661 572.990 570.320 567.652 564.984 562.315 559.646 556.976 554.303 551.628 548.950 546.269 543.583 540.894 538.199 535.500 532.795 530.085 527.368 524.645 521.916 519.180
723.560 719.973 716.416 712.889 709.391 705.922 702.482 699.071 695.689 692.334 689.008 685.710 682.439 679.195 675.978 672.787 669.622 666.482 663.367 660.276 657.209 654.166 651.145 648.146 645.169 642.213 639.277 636.360 633.462 630.583 627.721 624.876 622.047 619.233 616.433 613.648 610.875 608.115 605.366 602.628 599.899 597.180 594.469 591.765 589.069 586.378 583.693 581.012 578.335 575.661 572.990 570.320 567.652 564.984 562.315 559.646 556.976 554.303 551.628 548.950 546.269 543.583 540.894 538.199 535.500 532.795 530.085 527.368 524.645 521.916 519.180
723.560 719.973 716.416 712.889 709.391 705.922 702.482 699.071 695.689 692.334 689.008 685.710 682.439 679.195 675.978 672.787 669.622 666.482 663.367 660.276 657.209 654.166 651.145 648.146 645.169 642.213 639.277 636.360 633.462 630.583 627.721 624.876 622.047 619.233 616.433 613.648 610.875 608.115 605.366 602.628 599.899 597.180 594.469 591.765 589.069 586.378 583.693 581.012 578.335 575.661 572.990 570.320 567.652 564.984 562.315 559.646 556.976 554.303 551.628 548.950 546.269 543.583 540.894 538.199 535.500 532.795 530.085 527.368 524.645 521.916 519.180
723.560 719.973 716.416 712.889 709.391 705.922 702.482 699.071 695.689 692.334 689.008 685.710 682.439 679.195 675.978 672.787 669.622 666.482 663.367 660.276 657.209 654.166 651.145 648.146 645.169 642.213 639.277 636.360 633.462 630.583 627.721 624.876 622.047 619.233 616.433 613.648 610.875 608.115 605.366 602.628 599.899 597.180 594.469 591.765 589.069 586.378 583.693 581.012 578.335 575.661 572.990 570.320 567.652 564.984 562.315 559.646 556.976 554.303 551.628 548.950 546.269 543.583 540.894 538.199 535.500 532.795 530.085 527.368 524.645 521.916 519.180
