examples/standard/5m_standard_n10.asc
ncols 501 
nrows 301 
xllcorner 0.000000 
yllcorner -750.000000 
cellsize 5.000000 
NODATA_value -9999.000000 
[rows 192 to 223 of 301, columns 213 to 283 of 501]
145.515 142.969 140.430 137.899 135.378 132.866 130.365 127.875 125.398 122.933 120.483 113.146 108.598 104.738 101.246 98.002 94.947 92.043 89.266 86.598 84.028 81.546 79.143 76.814 74.554 72.357 70.220 68.140 66.114 64.140 62.216 60.339 58.507 56.720 54.975 53.271 51.607 49.982 48.395 46.845 45.330 43.851 42.405 40.993 39.613 38.266 36.949 35.664 34.408 33.182 31.985 30.816 29.675 28.561 27.475 26.415 25.382 24.374 23.391 22.433 21.500 20.591 19.706 18.845 18.006 17.191 16.398 15.628 14.880 14.153 13.448
145.515 142.969 140.430 137.899 135.378 132.866 130.365 127.875 125.398 122.933 120.483 118.047 115.626 113.221 110.833 108.462 102.568 98.172 94.530 91.254 88.218 85.361 82.647 80.052 77.561 75.162 72.845 70.603 68.432 66.324 64.278 62.288 60.353 58.469 56.635 54.847 53.105 51.407 49.751 48.135 46.559 45.022 43.522 42.057 40.629 39.234 37.873 36.546 35.250 33.985 32.752 31.548 30.374 29.229 28.112 27.024 25.962 24.928 23.920 22.939 21.982 21.051 20.145 19.264 18.406 17.573 16.762 15.975 15.210 14.468 13.749
145.515 142.969 140.430 137.899 135.378 132.866 130.365 127.875 125.398 122.933 120.483 118.047 115.626 113.221 110.833 108.462 106.110 103.777 101.463 99.169 96.896 94.645 88.835 85.197 82.040 79.153 76.454 73.900 71.465 69.132 66.888 64.725 62.634 60.610 58.648 56.744 54.896 53.099 51.352 49.652 47.997 46.386 44.817 43.288 41.798 40.347 38.932 37.553 36.209 34.899 33.622 32.377 31.164 29.982 28.830 27.708 26.615 25.550 24.513 23.504 22.521 21.565 20.635 19.731 18.851 17.997 17.166 16.360 15.577 14.818 14.081
145.515 142.969 140.430 137.899 135.378 132.866 130.365 127.875 125.398 122.933 120.483 118.047 115.626 113.221 110.833 108.462 106.110 103.777 101.463 99.169 96.896 94.645 92.416 90.209 88.026 85.867 83.732 81.622 77.161 73.784 70.912 68.298 65.856 63.547 61.347 59.238 57.211 55.256 53.368 51.542 49.772 48.056 46.391 44.773 43.202 41.674 40.189 38.744 37.338 35.970 34.639 33.343 32.081 30.854 29.659 28.496 27.364 26.263 25.192 24.150 23.136 22.150 21.192 20.261 19.356 18.477 17.623 16.795 15.991 15.212 14.456
145.515 142.969 140.430 137.899 135.378 132.866 130.365 127.875 125.398 122.933 120.483 118.047 115.626 113.221 110.833 108.462 106.110 103.777 101.463 99.169 96.896 94.645 92.416 90.209 88.026 85.867 83.732 81.622 79.537 77.478 75.445 73.439 71.460 69.508 67.584 64.154 61.191 58.695 56.421 54.294 52.279 50.358 48.516 46.745 45.037 43.388 41.793 40.249 38.753 37.301 35.893 34.527 33.200 31.911 30.659 29.443 28.261 27.113 25.998 24.914 23.861 22.839 21.846 20.881 19.945 19.037 18.155 17.300 16.471 15.668 14.890
145.515 142.969 140.430 137.899 135.378 132.866 130.365 127.875 125.398 122.933 120.483 118.047 115.626 113.221 110.833 108.462 106.110 103.777 101.463 99.169 96.896 94.645 92.416 90.209 88.026 85.867 83.732 81.622 79.537 77.478 75.445 73.439 71.460 69.508 67.584 65.689 63.821 61.982 60.172 58.391 56.639 54.916 53.223 51.560 48.472 46.308 44.367 42.560 40.851 39.223 37.664 36.166 34.723 33.331 31.986 30.685 29.426 28.208 27.027 25.884 24.775 23.701 22.660 21.651 20.673 19.725 18.806 17.917 17.055 16.221 15.413
145.515 142.969 140.430 137.899 135.378 132.866 130.365 127.875 125.398 122.933 120.483 118.047 115.626 113.221 110.833 108.462 106.110 103.777 101.463 99.169 96.896 94.645 92.416 90.209 88.026 85.867 83.732 81.622 79.537 77.478 75.445 73.439 71.460 69.508 67.584 65.689 63.821 61.982 60.172 58.391 56.639 54.916 53.223 51.560 49.926 48.323 46.749 45.205 43.691 42.207 40.753 39.329 37.934 36.570 35.234 33.082 31.493 30.044 28.685 27.395 26.162 24.981 23.845 22.752 21.699 20.683 19.703 18.757 17.844 16.962 16.110
145.515 142.969 140.430 137.899 135.378 132.866 130.365 127.875 125.398 122.933 120.483 118.047 115.626 113.221 110.833 108.462 106.110 103.777 101.463 99.169 96.896 94.645 92.416 90.209 88.026 85.867 83.732 81.622 79.537 77.478 75.445 73.439 71.460 69.508 67.584 65.689 63.821 61.982 60.172 58.391 56.639 54.916 53.223 51.560 49.926 48.323 46.749 45.205 43.691 42.207 40.753 39.329 37.934 36.570 35.234 33.929 32.653 31.406 30.188 28.999 27.839 26.708 25.605 24.530 23.483 22.464 21.472 20.508 19.571 18.660 17.776
145.515 142.969 140.430 137.899 135.378 132.866 130.365 127.875 125.398 122.933 120.483 118.047 115.626 113.221 110.833 108.462 106.110 103.777 101.463 99.169 96.896 94.645 92.416 90.209 88.026 85.867 83.732 81.622 79.537 77.478 75.445 73.439 71.460 69.508 67.584 65.689 63.821 61.982 60.172 58.391 56.639 54.916 53.223 51.560 49.926 48.323 46.749 45.205 43.691 42.207 40.753 39.329 37.934 36.570 35.234 33.929 32.653 31.406 30.188 28.999 27.839 26.708 25.605 24.530 23.483 22.464 21.472 20.508 19.571 18.660 17.776
145.515 142.969 140.430 137.899 135.378 132.866 130.365 127.875 125.398 122.933 120.483 118.047 115.626 113.221 110.833 108.462 106.110 103.777 101.463 99.169 96.896 94.645 92.416 90.209 88.026 85.867 83.732 81.622 79.537 77.478 75.445 73.439 71.460 69.508 67.584 65.689 63.821 61.982 60.172 58.391 56.639 54.916 53.223 51.560 49.926 48.323 46.749 45.205 43.691 42.207 40.753 39.329 37.934 36.570 35.234 33.929 32.653 31.406 30.188 28.999 27.839 26.708 25.605 24.530 23.483 22.464 21.472 20.508 19.571 18.660 17.776
145.515 142.969 140.430 137.899 135.378 132.866 130.365 127.875 125.398 122.933 120.483 118.047 115.626 113.221 110.833 108.462 106.110 103.777 101.463 99.169 96.896 94.645 92.416 90.209 88.026 85.867 83.732 81.622 79.537 77.478 75.445 73.439 71.460 69.508 67.584 65.689 63.821 61.982 60.172 58.391 56.639 54.916 53.223 51.560 49.926 48.323 46.749 45.205 43.691 42.207 40.753 39.329 37.934 36.570 35.234 33.929 32.653 31.406 30.188 28.999 27.839 26.708 25.605 24.530 23.483 22.464 21.472 20.508 19.571 18.660 17.776
145.515 142.969 140.430 137.899 135.378 132.866 130.365 127.875 125.398 122.933 120.483 118.047 115.626 113.221 110.833 108.462 106.110 103.777 101.463 99.169 96.896 94.645 92.416 90.209 88.026 85.867 83.732 81.622 79.537 77.478 75.445 73.439 71.460 69.508 67.584 65.689 63.821 61.982 60.172 58.391 56.639 54.916 53.223 51.560 49.926 48.323 46.749 45.205 43.691 42.207 40.753 39.329 37.934 36.570 35.234 33.929 32.653 31.406 30.188 28.999 27.839 26.708 25.605 24.530 23.483 22.464 21.472 20.508 19.571 18.660 17.776
145.515 142.969 140.430 137.899 135.378 132.866 130.365 127.875 125.398 122.933 120.483 118.047 115.626 113.221 110.833 108.462 106.110 103.777 101.463 99.169 96.896 94.645 92.416 90.209 88.026 85.867 83.732 81.622 79.537 77.478 75.445 73.439 71.460 69.508 67.584 65.689 63.821 61.982 60.172 58.391 56.639 54.916 53.223 51.560 49.926 48.323 46.749 45.205 43.691 42.207 40.753 39.329 37.934 36.570 35.234 33.929 32.653 31.406 30.188 28.999 27.839 26.708 25.605 24.530 23.483 22.464 21.472 20.508 19.571 18.660 17.776
145.515 142.969 140.430 137.899 135.378 132.866 130.365 127.875 125.398 122.933 120.483 118.047 115.626 113.221 110.833 108.462 106.110 103.777 101.463 99.169 96.896 94.645 92.416 90.209 88.026 85.867 83.732 81.622 79.537 77.478 75.445 73.439 71.460 69.508 67.584 65.689 63.821 61.982 60.172 58.391 56.639 54.916 53.223 51.560 49.926 48.323 46.749 45.205 43.691 42.207 40.753 39.329 37.934 36.570 35.234 33.929 32.653 31.406 30.188 28.999 27.839 26.708 25.605 24.530 23.483 22.464 21.472 20.508 19.571 18.660 17.776
145.515 142.969 140.430 137.899 135.378 132.866 130.365 127.875 125.398 122.933 120.483 118.047 115.626 113.221 110.833 108.462 106.110 103.777 101.463 99.169 96.896 94.645 92.416 90.209 88.026 85.867 83.732 81.622 79.537 77.478 75.445 73.439 71.460 69.508 67.584 65.689 63.821 61.982 60.172 58.391 56.639 54.916 53.223 51.560 49.926 48.323 46.749 45.205 43.691 42.207 40.753 39.329 37.934 36.570 35.234 33.929 32.653 31.406 30.188 28.999 27.839 26.708 25.605 24.530 23.483 22.464 21.472 20.508 19.571 18.660 17.776
145.515 142.969 140.430 137.899 135.378 132.866 130.365 127.875 125.398 122.933 120.483 118.047 115.626 113.221 110.833 108.462 106.110 103.777 101.463 99.169 96.896 94.645 92.416 90.209 88.026 85.867 83.732 81.622 79.537 77.478 75.445 73.439 71.460 69.508 67.584 65.689 63.821 61.982 60.172 58.391 56.639 54.916 53.223 51.560 49.926 48.323 46.749 45.205 43.691 42.207 40.753 39.329 37.934 36.570 35.234 33.929 32.653 31.406 30.188 28.999 27.839 26.708 25.605 24.530 23.483 22.464 21.472 20.508 19.571 18.660 17.776
145.515 142.969 140.430 137.899 135.378 132.866 130.365 127.875 125.398 122.933 120.483 118.047 115.626 113.221 110.833 108.462 106.110 103.777 101.463 99.169 96.896 94.645 92.416 90.209 88.026 85.867 83.732 81.622 79.537 77.478 75.445 73.439 71.460 69.508 67.584 65.689 63.821 61.982 60.172 58.391 56.639 54.916 53.223 51.560 49.926 48.323 46.749 45.205 43.691 42.207 40.753 39.329 37.934 36.570 35.234 33.929 32.653 31.406 30.188 28.999 27.839 26.708 25.605 24.530 23.483 22.464 21.472 20.508 19.571 18.660 17.776
145.515 142.969 140.430 137.899 135.378 132.866 130.365 127.875 125.398 122.933 120.483 118.047 115.626 113.221 110.833 108.462 106.110 103.777 101.463 99.169 96.896 94.645 92.416 90.209 88.026 85.867 83.732 81.622 79.537 77.478 75.445 73.439 71.460 69.508 67.584 65.689 63.821 61.982 60.172 58.391 56.639 54.916 53.223 51.560 49.926 48.323 46.749 45.205 43.691 42.207 40.753 39.329 37.934 36.570 35.234 33.929 32.653 31.406 30.188 28.999 27.839 26.708 25.605 24.530 23.483 22.464 21.472 20.508 19.571 18.660 17.776
145.515 142.969 140.430 137.899 135.378 132.866 130.365 127.875 125.398 122.933 120.483 118.047 115.626 113.221 110.833 108.462 106.110 103.777 101.463 99.169 96.896 94.645 92.416 90.209 88.026 85.867 83.732 81.622 79.537 77.478 75.445 73.439 71.460 69.508 67.584 65.689 63.821 61.982 60.172 58.391 56.639 54.916 53.223 51.560 49.926 48.323 46.749 45.205 43.691 42.207 40.753 39.329 37.934 36.570 35.234 33.929 32.653 31.406 30.188 28.999 27.839 26.708 25.605 24.530 23.483 22.464 21.472 20.508 19.571 18.660 17.776
145.515 142.969 140.430 137.899 135.378 132.866 130.365 127.875 125.398 122.933 120.483 118.047 115.626 113.221 110.833 108.462 106.110 103.777 101.463 99.169 96.896 94.645 92.416 90.209 88.026 85.867 83.732 81.622 79.537 77.478 75.445 73.439 71.460 69.508 67.584 65.689 63.821 61.982 60.172 58.391 56.639 54.916 53.223 51.560 49.926 48.323 46.749 45.205 43.691 42.207 40.753 39.329 37.934 36.570 35.234 33.929 32.653 31.406 30.188 28.999 27.839 26.708 25.605 24.530 23.483 22.464 21.472 20.508 19.571 18.660 17.776
145.515 142.969 140.430 137.899 135.378 132.866 130.365 127.875 125.398 122.933 120.483 118.047 115.626 113.221 110.833 108.462 106.110 103.777 101.463 99.169 96.896 94.645 92.416 90.209 88.026 85.867 83.732 81.622 79.537 77.478 75.445 73.439 71.460 69.508 67.584 65.689 63.821 61.982 60.172 58.391 56.639 54.916 53.223 51.560 49.926 48.323 46.749 45.205 43.691 42.207 40.753 39.329 37.934 36.570 35.234 33.929 32.653 31.406 30.188 28.999 27.839 26.708 25.605 24.530 23.483 22.464 21.472 20.508 19.571 18.660 17.776
145.515 142.969 140.430 137.899 135.378 132.866 130.365 127.875 125.398 122.933 120.483 118.047 115.626 113.221 110.833 108.462 106.110 103.777 101.463 99.169 96.896 94.645 92.416 90.209 88.026 85.867 83.732 81.622 79.537 77.478 75.445 73.439 71.460 69.508 67.584 65.689 63.821 61.982 60.172 58.391 56.639 54.916 53.223 51.560 49.926 48.323 46.749 45.205 43.691 42.207 40.753 39.329 37.934 36.570 35.234 33.929 32.653 31.406 30.188 28.999 27.839 26.708 25.605 24.530 23.483 22.464 21.472 20.508 19.571 18.660 17.776
145.515 142.969 140.430 137.899 135.378 132.866 130.365 127.875 125.398 122.933 120.483 118.047 115.626 113.221 110.833 108.462 106.110 103.777 101.463 99.169 96.896 94.645 92.416 90.209 88.026 85.867 83.732 81.622 79.537 77.478 75.445 73.439 71.460 69.508 67.584 65.689 63.821 61.982 60.172 58.391 56.639 54.916 53.223 51.560 49.926 48.323 46.749 45.205 43.691 42.207 40.753 39.329 37.934 36.570 35.234 33.929 32.653 31.406 30.188 28.999 27.839 26.708 25.605 24.530 23.483 22.464 21.472 20.508 19.571 18.660 17.776
145.515 142.969 140.430 137.899 135.378 132.866 130.365 127.875 125.398 122.933 120.483 118.047 115.626 113.221 110.833 108.462 106.110 103.777 101.463 99.169 96.896 94.645 92.416 90.209 88.026 85.867 83.732 81.622 79.537 77.478 75.445 73.439 71.460 69.508 67.584 65.689 63.821 61.982 60.172 58.391 56.639 54.916 53.223 51.560 49.926 48.323 46.749 45.205 43.691 42.207 40.753 39.329 37.934 36.570 35.234 33.929 32.653 31.406 30.188 28.999 27.839 26.708 25.605 24.530 23.483 22.464 21.472 20.508 19.571 18.660 17.776
145.515 142.969 140.430 137.899 135.378 132.866 130.365 127.875 125.398 122.933 120.483 118.047 115.626 113.221 110.833 108.462 106.110 103.777 101.463 99.169 96.896 94.645 92.416 90.209 88.026 85.867 83.732 81.622 79.537 77.478 75.445 73.439 71.460 69.508 67.584 65.689 63.821 61.982 60.172 58.391 56.639 54.916 53.223 51.560 49.926 48.323 46.749 45.205 43.691 42.207 40.753 39.329 37.934 36.570 35.234 33.929 32.653 31.406 30.188 28.999 27.839 26.708 25.605 24.530 23.483 22.464 21.472 20.508 19.571 18.660 17.776
145.515 142.969 140.430 137.899 135.378 132.866 130.365 127.875 125.398 122.933 120.483 118.047 115.626 113.221 110.833 108.462 106.110 103.777 101.463 99.169 96.896 94.645 92.416 90.209 88.026 85.867 83.732 81.622 79.537 77.478 75.445 73.439 71.460 69.508 67.584 65.689 63.821 61.982 60.172 58.391 56.639 54.916 53.223 51.560 49.926 48.323 46.749 45.205 43.691 42.207 40.753 39.329 37.934 36.570 35.234 33.929 32.653 31.406 30.188 28.999 27.839 26.708 25.605 24.530 23.483 22.464 21.472 20.508 19.571 18.660 17.776
145.515 142.969 140.430 137.899 135.378 132.866 130.365 127.875 125.398 122.933 120.483 118.047 115.626 113.221 110.833 108.462 106.110 103.777 101.463 99.169 96.896 94.645 92.416 90.209 88.026 85.867 83.732 81.622 79.537 77.478 75.445 73.439 71.460 69.508 67.584 65.689 63.821 61.982 60.172 58.391 56.639 54.916 53.223 51.560 49.926 48.323 46.749 45.205 43.691 42.207 40.753 39.329 37.934 36.570 35.234 33.929 32.653 31.406 30.188 28.999 27.839 26.708 25.605 24.530 23.483 22.464 21.472 20.508 19.571 18.660 17.776
145.515 142.969 140.430 137.899 135.378 132.866 130.365 127.875 125.398 122.933 120.483 118.047 115.626 113.221 110.833 108.462 106.110 103.777 101.463 99.169 96.896 94.645 92.416 90.209 88.026 85.867 83.732 81.622 79.537 77.478 75.445 73.439 71.460 69.508 67.584 65.689 63.821 61.982 60.172 58.391 56.639 54.916 53.223 51.560 49.926 48.323 46.749 45.205 43.691 42.207 40.753 39.329 37.934 36.570 35.234 33.929 32.653 31.406 30.188 28.999 27.839 26.708 25.605 24.530 23.483 22.464 21.472 20.508 19.571 18.660 17.776
145.515 142.969 140.430 137.899 135.378 132.866 130.365 127.875 125.398 122.933 120.483 118.047 115.626 113.221 110.833 108.462 106.110 103.777 101.463 99.169 96.896 94.645 92.416 90.209 88.026 85.867 83.732 81.622 79.537 77.478 75.445 73.439 71.460 69.508 67.584 65.689 63.821 61.982 60.172 58.391 56.639 54.916 53.223 51.560 49.926 48.323 46.749 45.205 43.691 42.207 40.753 39.329 37.934 36.570 35.234 33.929 32.653 31.406 30.188 28.999 27.839 26.708 25.605 24.530 23.483 22.464 21.472 20.508 19.571 18.660 17.776
145.515 142.969 140.430 137.899 135.378 132.866 130.365 127.875 125.398 122.933 120.483 118.047 115.626 113.221 110.833 108.462 106.110 103.777 101.463 99.169 96.896 94.645 92.416 90.209 88.026 85.867 83.732 81.622 79.537 77.478 75.445 73.439 71.460 69.508 67.584 65.689 63.821 61.982 60.172 58.391 56.639 54.916 53.223 51.560 49.926 48.323 46.749 45.205 43.691 42.207 40.753 39.329 37.934 36.570 35.234 33.929 32.653 31.406 30.188 28.999 27.839 26.708 25.605 24.530 23.483 22.464 21.472 20.508 19.571 18.660 17.776
145.515 142.969 140.430 137.899 135.378 132.866 130.365 127.875 125.398 122.933 120.483 118.047 115.626 113.221 110.833 108.462 106.110 103.777 101.463 99.169 96.896 94.645 92.416 90.209 88.026 85.867 83.732 81.622 79.537 77.478 75.445 73.439 71.460 69.508 67.584 65.689 63.821 61.982 60.172 58.391 56.639 54.916 53.223 51.560 49.926 48.323 46.749 45.205 43.691 42.207 40.753 39.329 37.934 36.570 35.234 33.929 32.653 31.406 30.188 28.999 27.839 26.708 25.605 24.530 23.483 22.464 21.472 20.508 19.571 18.660 17.776
145.515 142.969 140.430 137.899 135.378 132.866 130.365 127.875 125.398 122.933 120.483 118.047 115.626 113.221 110.833 108.462 106.110 103.777 101.463 99.169 96.896 94.645 92.416 90.209 88.026 85.867 83.732 81.622 79.537 77.478 75.445 73.439 71.460 69.508 67.584 65.689 63.821 61.982 60.172 58.391 56.639 54.916 53.223 51.560 49.926 48.323 46.749 45.205 43.691 42.207 40.753 39.329 37.934 36.570 35.234 33.929 32.653 31.406 30.188 28.999 27.839 26.708 25.605 24.530 23.483 22.464 21.472 20.508 19.571 18.660 17.776
