examples/standard/5m_standard_n10.asc
ncols 501 
nrows 301 
xllcorner 0.000000 
yllcorner -750.000000 
cellsize 5.000000 
NODATA_value -9999.000000 
[rows 96 to 127 of 301, columns 284 to 354 of 501]
16.918 16.086 15.280 14.500 13.744 13.014 12.308 11.627 10.969 10.336 9.726 9.139 8.575 8.034 7.516 7.020 6.545 6.093 5.662 5.252 4.863 4.494 4.147 3.819 3.511 3.224 2.955 2.707 2.477 2.266 2.074 1.900 1.745 1.608 1.489 1.388 1.304 1.231 1.162 1.096 1.034 0.974 0.918 0.865 0.814 0.767 0.721 0.678 0.638 0.599 0.563 0.529 0.497 0.466 0.437 0.410 0.384 0.360 0.337 0.316 0.296 0.276 0.259 0.242 0.226 0.211 0.197 0.184 0.172 0.160 0.149
16.918 16.086 15.280 14.500 13.744 13.014 12.308 11.627 10.969 10.336 9.726 9.139 8.575 8.034 7.516 7.020 6.545 6.093 5.662 5.252 4.863 4.494 4.147 3.819 3.511 3.224 2.955 2.707 2.477 2.266 2.074 1.900 1.745 1.608 1.489 1.388 1.304 1.231 1.162 1.096 1.034 0.974 0.918 0.865 0.814 0.767 0.721 0.678 0.638 0.599 0.563 0.529 0.497 0.466 0.437 0.410 0.384 0.360 0.337 0.316 0.296 0.276 0.259 0.242 0.226 0.211 0.197 0.184 0.172 0.160 0.149
16.918 16.086 15.280 14.500 13.744 13.014 12.308 11.627 10.969 10.336 9.726 9.139 8.575 8.034 7.516 7.020 6.545 6.093 5.662 5.252 4.863 4.494 4.147 3.819 3.511 3.224 2.955 2.707 2.477 2.266 2.074 1.900 1.745 1.608 1.489 1.388 1.304 1.231 1.162 1.096 1.034 0.974 0.918 0.865 0.814 0.767 0.721 0.678 0.638 0.599 0.563 0.529 0.497 0.466 0.437 0.410 0.384 0.360 0.337 0.316 0.296 0.276 0.259 0.242 0.226 0.211 0.197 0.184 0.172 0.160 0.149
16.918 16.086 15.280 14.500 13.744 13.014 12.308 11.627 10.969 10.336 9.726 9.139 8.575 8.034 7.516 7.020 6.545 6.093 5.662 5.252 4.863 4.494 4.147 3.819 3.511 3.224 2.955 2.707 2.477 2.266 2.074 1.900 1.745 1.608 1.489 1.388 1.304 1.231 1.162 1.096 1.034 0.974 0.918 0.865 0.814 0.767 0.721 0.678 0.638 0.599 0.563 0.529 0.497 0.466 0.437 0.410 0.384 0.360 0.337 0.316 0.296 0.276 0.259 0.242 0.226 0.211 0.197 0.184 0.172 0.160 0.149
16.918 16.086 15.280 14.500 13.744 13.014 12.308 11.627 10.969 10.336 9.726 9.139 8.575 8.034 7.516 7.020 6.545 6.093 5.662 5.252 4.863 4.494 4.147 3.819 3.511 3.224 2.955 2.707 2.477 2.266 2.074 1.900 1.745 1.608 1.489 1.388 1.304 1.231 1.162 1.096 1.034 0.974 0.918 0.865 0.814 0.767 0.721 0.678 0.638 0.599 0.563 0.529 0.497 0.466 0.437 0.410 0.384 0.360 0.337 0.316 0.296 0.276 0.259 0.242 0.226 0.211 0.197 0.184 0.172 0.160 0.149
16.729 15.716 14.814 13.970 13.172 12.413 11.689 10.996 10.334 9.700 9.094 8.514 7.960 7.431 6.925 6.444 5.985 5.549 5.135 4.742 4.371 4.020 3.690 3.380 3.090 2.820 2.569 2.337 2.123 1.928 1.752 1.593 1.453 1.330 1.224 1.136 1.065 1.005 0.947 0.893 0.841 0.792 0.746 0.702 0.660 0.621 0.584 0.549 0.516 0.484 0.455 0.427 0.401 0.376 0.352 0.330 0.309 0.290 0.271 0.254 0.238 0.222 0.208 0.194 0.182 0.170 0.158 0.148 0.138 0.129 0.120
15.288 14.494 13.728 12.990 12.278 11.591 10.930 10.294 9.681 9.093 8.528 7.985 7.465 6.967 6.491 6.037 5.603 5.190 4.798 4.425 4.073 3.740 3.427 3.133 2.857 2.600 2.362 2.142 1.940 1.756 1.590 1.441 1.309 1.195 1.097 1.017 0.953 0.899 0.848 0.799 0.753 0.709 0.668 0.629 0.592 0.557 0.523 0.492 0.462 0.434 0.408 0.383 0.359 0.337 0.316 0.296 0.278 0.260 0.244 0.228 0.213 0.200 0.187 0.175 0.163 0.152 0.142 0.133 0.124 0.116 0.108
14.632 13.877 13.146 12.441 11.760 11.103 10.469 9.858 9.270 8.704 8.160 7.638 7.137 6.657 6.198 5.760 5.341 4.943 4.564 4.204 3.864 3.543 3.240 2.956 2.691 2.443 2.214 2.002 1.808 1.631 1.472 1.329 1.204 1.096 1.004 0.929 0.870 0.821 0.774 0.730 0.688 0.648 0.610 0.575 0.541 0.509 0.478 0.450 0.423 0.397 0.373 0.350 0.329 0.308 0.289 0.271 0.254 0.238 0.223 0.209 0.195 0.183 0.171 0.160 0.149 0.139 0.130 0.121 0.113 0.106 0.099
14.136 13.407 12.701 12.019 11.360 10.723 10.109 9.517 8.947 8.398 7.870 7.363 6.876 6.410 5.964 5.538 5.131 4.744 4.375 4.026 3.695 3.383 3.089 2.813 2.555 2.315 2.093 1.888 1.700 1.529 1.375 1.238 1.118 1.015 0.928 0.857 0.802 0.757 0.714 0.673 0.634 0.598 0.563 0.530 0.499 0.469 0.441 0.415 0.390 0.366 0.344 0.323 0.303 0.284 0.267 0.250 0.234 0.220 0.206 0.193 0.180 0.169 0.158 0.147 0.138 0.129 0.120 0.112 0.105 0.098 0.091
13.724 13.015 12.329 11.666 11.024 10.405 9.807 9.230 8.674 8.139 7.624 7.130 6.655 6.200 5.765 5.349 4.952 4.574 4.214 3.873 3.551 3.246 2.959 2.691 2.439 2.205 1.989 1.789 1.607 1.441 1.292 1.160 1.044 0.945 0.862 0.795 0.743 0.701 0.662 0.624 0.588 0.554 0.522 0.491 0.462 0.435 0.409 0.385 0.362 0.340 0.319 0.300 0.281 0.264 0.247 0.232 0.217 0.204 0.191 0.179 0.167 0.156 0.146 0.137 0.128 0.119 0.111 0.104 0.097 0.090 0.084
13.368 12.676 12.007 11.359 10.732 10.127 9.543 8.979 8.435 7.912 7.409 6.925 6.461 6.016 5.590 5.183 4.794 4.424 4.073 3.739 3.423 3.126 2.845 2.582 2.337 2.108 1.897 1.703 1.525 1.364 1.219 1.091 0.979 0.883 0.803 0.739 0.692 0.652 0.615 0.580 0.547 0.515 0.485 0.457 0.430 0.405 0.381 0.358 0.336 0.316 0.297 0.279 0.262 0.245 0.230 0.216 0.202 0.190 0.177 0.166 0.155 0.145 0.136 0.127 0.119 0.111 0.104 0.097 0.090 0.084 0.079
13.051 12.374 11.719 11.085 10.472 9.879 9.307 8.755 8.222 7.709 7.216 6.742 6.287 5.851 5.433 5.034 4.653 4.290 3.946 3.618 3.309 3.017 2.742 2.485 2.245 2.021 1.814 1.624 1.451 1.294 1.153 1.028 0.920 0.827 0.751 0.690 0.645 0.608 0.574 0.541 0.510 0.481 0.453 0.426 0.401 0.377 0.355 0.334 0.314 0.295 0.277 0.260 0.244 0.229 0.215 0.201 0.189 0.177 0.166 0.155 0.145 0.136 0.127 0.119 0.111 0.104 0.097 0.090 0.084 0.079 0.073
12.764 12.101 11.459 10.837 10.236 9.655 9.093 8.551 8.029 7.526 7.041 6.576 6.129 5.701 5.291 4.899 4.525 4.168 3.830 3.509 3.205 2.918 2.649 2.396 2.161 1.942 1.739 1.553 1.384 1.230 1.093 0.971 0.866 0.777 0.703 0.645 0.602 0.568 0.536 0.505 0.476 0.449 0.423 0.398 0.375 0.352 0.332 0.312 0.293 0.275 0.259 0.243 0.228 0.214 0.201 0.188 0.176 0.165 0.155 0.145 0.135 0.127 0.118 0.111 0.104 0.097 0.090 0.084 0.079 0.073 0.068
12.502 11.852 11.221 10.611 10.020 9.449 8.898 8.365 7.852 7.357 6.881 6.423 5.984 5.563 5.160 4.774 4.406 4.056 3.723 3.408 3.109 2.828 2.563 2.315 2.083 1.869 1.670 1.488 1.322 1.171 1.037 0.919 0.817 0.730 0.659 0.603 0.563 0.531 0.501 0.472 0.445 0.419 0.395 0.372 0.350 0.329 0.310 0.291 0.274 0.257 0.242 0.227 0.213 0.200 0.187 0.176 0.165 0.154 0.145 0.135 0.127 0.118 0.111 0.104 0.097 0.090 0.084 0.079 0.074 0.069 0.064
12.261 11.622 11.002 10.402 9.821 9.259 8.717 8.193 7.688 7.201 6.733 6.282 5.850 5.435 5.038 4.659 4.297 3.952 3.625 3.314 3.021 2.744 2.483 2.239 2.012 1.801 1.606 1.427 1.264 1.117 0.986 0.870 0.771 0.686 0.618 0.564 0.526 0.496 0.468 0.442 0.416 0.392 0.369 0.348 0.327 0.308 0.290 0.273 0.256 0.241 0.226 0.212 0.199 0.187 0.175 0.164 0.154 0.144 0.135 0.127 0.118 0.111 0.104 0.097 0.091 0.085 0.079 0.074 0.069 0.064 0.060
12.037 11.408 10.798 10.208 9.636 9.083 8.549 8.033 7.536 7.056 6.595 6.151 5.725 5.317 4.926 4.552 4.195 3.856 3.533 3.227 2.938 2.665 2.409 2.169 1.945 1.738 1.546 1.370 1.211 1.066 0.938 0.825 0.728 0.646 0.579 0.528 0.492 0.464 0.438 0.413 0.389 0.367 0.346 0.325 0.306 0.288 0.271 0.255 0.240 0.225 0.211 0.199 0.186 0.175 0.164 0.154 0.144 0.135 0.126 0.118 0.111 0.104 0.097 0.091 0.085 0.079 0.074 0.069 0.064 0.060 0.056
11.828 11.209 10.608 10.027 9.463 8.919 8.392 7.884 7.393 6.921 6.466 6.029 5.609 5.206 4.821 4.452 4.100 3.766 3.448 3.146 2.861 2.592 2.340 2.103 1.883 1.679 1.490 1.317 1.160 1.019 0.893 0.783 0.688 0.608 0.544 0.494 0.460 0.434 0.410 0.386 0.364 0.343 0.323 0.304 0.287 0.270 0.254 0.238 0.224 0.211 0.198 0.186 0.174 0.164 0.153 0.144 0.135 0.126 0.118 0.111 0.104 0.097 0.091 0.085 0.079 0.074 0.069 0.064 0.060 0.056 0.052
11.633 11.022 10.430 9.857 9.302 8.765 8.245 7.744 7.260 6.794 6.345 5.914 5.499 5.102 4.722 4.358 4.011 3.681 3.367 3.070 2.788 2.523 2.274 2.042 1.824 1.623 1.438 1.268 1.113 0.975 0.851 0.743 0.650 0.573 0.510 0.463 0.430 0.406 0.383 0.361 0.341 0.321 0.302 0.285 0.268 0.252 0.237 0.223 0.210 0.197 0.185 0.174 0.163 0.153 0.143 0.135 0.126 0.118 0.111 0.104 0.097 0.091 0.085 0.079 0.074 0.069 0.065 0.060 0.056 0.052 0.049
11.449 10.847 10.263 9.698 9.150 8.620 8.107 7.612 7.135 6.675 6.232 5.806 5.397 5.004 4.629 4.270 3.927 3.601 3.292 2.998 2.720 2.459 2.213 1.983 1.769 1.571 1.388 1.221 1.069 0.933 0.812 0.706 0.615 0.539 0.479 0.433 0.402 0.380 0.358 0.338 0.318 0.300 0.283 0.266 0.250 0.236 0.222 0.208 0.196 0.184 0.173 0.162 0.152 0.143 0.134 0.126 0.118 0.110 0.103 0.097 0.091 0.085 0.079 0.074 0.069 0.065 0.060 0.056 0.053 0.049 0.046
11.277 10.682 10.106 9.548 9.007 8.483 7.977 7.489 7.017 6.562 6.125 5.704 5.300 4.912 4.541 4.187 3.848 3.526 3.220 2.930 2.656 2.398 2.155 1.929 1.717 1.522 1.342 1.177 1.027 0.893 0.774 0.670 0.581 0.508 0.449 0.405 0.376 0.355 0.334 0.315 0.297 0.280 0.264 0.248 0.234 0.220 0.207 0.195 0.183 0.172 0.162 0.152 0.142 0.134 0.125 0.117 0.110 0.103 0.097 0.090 0.085 0.079 0.074 0.069 0.065 0.060 0.056 0.053 0.049 0.046 0.043
11.114 10.527 9.958 9.406 8.872 8.355 7.855 7.372 6.906 6.456 6.024 5.608 5.208 4.825 4.459 4.108 3.774 3.455 3.153 2.866 2.595 2.340 2.101 1.877 1.668 1.475 1.298 1.135 0.988 0.856 0.739 0.637 0.550 0.478 0.421 0.378 0.351 0.331 0.312 0.294 0.277 0.261 0.246 0.232 0.218 0.205 0.193 0.182 0.171 0.160 0.151 0.142 0.133 0.125 0.117 0.110 0.103 0.096 0.090 0.084 0.079 0.074 0.069 0.065 0.060 0.056 0.053 0.049 0.046 0.043 0.040
10.960 10.380 9.817 9.272 8.744 8.233 7.739 7.261 6.800 6.356 5.928 5.517 5.122 4.743 4.380 4.034 3.703 3.388 3.089 2.806 2.538 2.286 2.049 1.828 1.622 1.431 1.256 1.096 0.951 0.821 0.705 0.605 0.520 0.450 0.394 0.353 0.327 0.308 0.291 0.274 0.259 0.244 0.230 0.216 0.204 0.191 0.180 0.169 0.159 0.150 0.141 0.132 0.124 0.116 0.109 0.102 0.096 0.090 0.084 0.079 0.074 0.069 0.064 0.060 0.056 0.053 0.049 0.046 0.043 0.040 0.037
10.814 10.241 9.685 9.145 8.623 8.118 7.629 7.156 6.701 6.261 5.838 5.431 5.040 4.665 4.306 3.963 3.636 3.325 3.029 2.748 2.484 2.234 2.000 1.782 1.578 1.390 1.217 1.058 0.915 0.787 0.674 0.575 0.492 0.423 0.369 0.329 0.304 0.287 0.271 0.255 0.241 0.227 0.214 0.201 0.189 0.178 0.168 0.158 0.148 0.139 0.131 0.123 0.115 0.108 0.101 0.095 0.089 0.084 0.078 0.073 0.069 0.064 0.060 0.056 0.052 0.049 0.046 0.043 0.040 0.037 0.035
10.676 10.109 9.559 9.026 8.509 8.009 7.525 7.057 6.606 6.171 5.752 5.350 4.963 4.592 4.236 3.897 3.573 3.264 2.972 2.694 2.432 2.185 1.954 1.738 1.536 1.350 1.179 1.023 0.882 0.755 0.644 0.547 0.465 0.398 0.345 0.307 0.283 0.267 0.252 0.238 0.224 0.211 0.199 0.187 0.176 0.166 0.156 0.147 0.138 0.130 0.122 0.114 0.107 0.101 0.094 0.088 0.083 0.078 0.073 0.068 0.064 0.060 0.056 0.052 0.049 0.046 0.043 0.040 0.037 0.035 0.032
10.545 9.984 9.440 8.912 8.400 7.905 7.426 6.963 6.517 6.086 5.671 5.272 4.889 4.522 4.170 3.833 3.513 3.207 2.917 2.643 2.383 2.139 1.910 1.696 1.497 1.313 1.144 0.989 0.850 0.725 0.615 0.520 0.439 0.373 0.322 0.285 0.263 0.248 0.234 0.221 0.208 0.196 0.185 0.174 0.164 0.154 0.145 0.136 0.128 0.120 0.113 0.106 0.100 0.093 0.088 0.082 0.077 0.072 0.068 0.063 0.059 0.055 0.052 0.048 0.045 0.042 0.039 0.037 0.034 0.032 0.030
10.421 9.866 9.327 8.804 8.297 7.807 7.333 6.874 6.432 6.005 5.594 5.199 4.819 4.455 4.107 3.773 3.456 3.153 2.866 2.594 2.337 2.095 1.868 1.656 1.459 1.277 1.110 0.957 0.820 0.697 0.588 0.495 0.415 0.351 0.300 0.265 0.243 0.230 0.217 0.204 0.193 0.182 0.171 0.161 0.152 0.143 0.134 0.126 0.119 0.111 0.105 0.098 0.092 0.087 0.081 0.076 0.071 0.067 0.063 0.059 0.055 0.051 0.048 0.045 0.042 0.039 0.037 0.034 0.032 0.030 0.028
10.304 9.754 9.220 8.702 8.200 7.714 7.244 6.790 6.351 5.928 5.521 5.129 4.753 4.392 4.047 3.717 3.402 3.102 2.817 2.547 2.293 2.053 1.829 1.619 1.424 1.243 1.078 0.927 0.791 0.670 0.563 0.470 0.392 0.329 0.280 0.245 0.225 0.213 0.201 0.189 0.178 0.168 0.158 0.149 0.140 0.132 0.124 0.117 0.110 0.103 0.097 0.091 0.085 0.080 0.075 0.070 0.066 0.062 0.058 0.054 0.051 0.047 0.044 0.042 0.039 0.036 0.034 0.032 0.029 0.027 0.026
10.192 9.647 9.118 8.605 8.107 7.626 7.160 6.710 6.275 5.856 5.452 5.063 4.690 4.332 3.990 3.662 3.350 3.053 2.771 2.503 2.251 2.014 1.791 1.583 1.390 1.211 1.048 0.898 0.764 0.644 0.538 0.447 0.371 0.308 0.261 0.227 0.208 0.196 0.185 0.175 0.165 0.155 0.146 0.138 0.130 0.122 0.115 0.108 0.101 0.095 0.089 0.084 0.079 0.074 0.069 0.065 0.061 0.057 0.053 0.050 0.047 0.044 0.041 0.038 0.036 0.033 0.031 0.029 0.027 0.025 0.024
10.087 9.546 9.022 8.513 8.020 7.542 7.080 6.633 6.202 5.786 5.386 5.001 4.631 4.276 3.936 3.611 3.301 3.007 2.727 2.462 2.211 1.976 1.755 1.549 1.358 1.181 1.019 0.871 0.738 0.619 0.515 0.425 0.350 0.289 0.242 0.210 0.192 0.181 0.170 0.161 0.152 0.143 0.135 0.127 0.119 0.112 0.106 0.099 0.093 0.088 0.082 0.077 0.073 0.068 0.064 0.060 0.056 0.053 0.049 0.046 0.043 0.040 0.038 0.035 0.033 0.031 0.029 0.027 0.025 0.023 0.022
9.987 9.451 8.930 8.426 7.937 7.463 7.004 6.561 6.134 5.721 5.324 4.941 4.574 4.222 3.885 3.563 3.255 2.963 2.685 2.422 2.174 1.940 1.721 1.517 1.327 1.152 0.992 0.845 0.714 0.596 0.493 0.405 0.330 0.270 0.225 0.193 0.176 0.166 0.157 0.148 0.139 0.131 0.124 0.116 0.110 0.103 0.097 0.091 0.086 0.081 0.076 0.071 0.067 0.063 0.059 0.055 0.052 0.048 0.045 0.042 0.040 0.037 0.035 0.032 0.030 0.028 0.026 0.025 0.023 0.021 0.020
9.892 9.360 8.844 8.343 7.858 7.388 6.933 6.493 6.068 5.659 5.265 4.885 4.521 4.171 3.836 3.517 3.211 2.921 2.646 2.385 2.138 1.907 1.689 1.487 1.299 1.125 0.966 0.821 0.690 0.574 0.473 0.385 0.312 0.253 0.208 0.178 0.161 0.152 0.143 0.135 0.128 0.120 0.113 0.107 0.100 0.094 0.089 0.084 0.079 0.074 0.069 0.065 0.061 0.057 0.054 0.050 0.047 0.044 0.041 0.039 0.036 0.034 0.032 0.030 0.028 0.026 0.024 0.023 0.021 0.020 0.018
9.802 9.274 8.762 8.265 7.783 7.316 6.865 6.428 6.007 5.600 5.209 4.832 4.470 4.123 3.791 3.473 3.170 2.882 2.608 2.349 2.105 1.875 1.659 1.458 1.271 1.099 0.941 0.798 0.668 0.554 0.453 0.366 0.294 0.236 0.192 0.163 0.147 0.139 0.131 0.124 0.116 0.110 0.103 0.097 0.092 0.086 0.081 0.076 0.072 0.067 0.063 0.059 0.056 0.052 0.049 0.046 0.043 0.040 0.038 0.035 0.033 0.031 0.029 0.027 0.025 0.024 0.022 0.021 0.019 0.018 0.017
