examples/standard/5m_standard_xl.asc
ncols 1001 
nrows 301 
xllcorner 0.000000 
yllcorner -750.000000 
cellsize 5.000000 
NODATA_value -9999.000000 
[rows 217 to 247 of 301, columns 276 to 344 of 1001]
229.567 227.646 225.733 223.827 221.929 220.040 218.158 216.284 214.418 212.560 210.710 208.867 207.033 205.207 203.388 201.577 199.774 197.980 196.192 194.413 192.642 190.879 189.123 187.376 185.636 183.905 182.181 180.465 178.757 177.057 175.365 173.680 172.004 170.335 168.675 167.022 165.377 163.740 162.111 160.490 158.877 157.272 155.674 154.085 152.503 150.930 149.364 147.806 146.256 144.714 143.180 141.653 140.135 138.624 137.122 135.627 134.140 132.661 131.190 129.727 128.272 126.825 125.385 123.954 122.530 121.114 119.707 118.307 116.915
229.567 227.646 225.733 223.827 221.929 220.040 218.158 216.284 214.418 212.560 210.710 208.867 207.033 205.207 203.388 201.577 199.774 197.980 196.192 194.413 192.642 190.879 189.123 187.376 185.636 183.905 182.181 180.465 178.757 177.057 175.365 173.680 172.004 170.335 168.675 167.022 165.377 163.740 162.111 160.490 158.877 157.272 155.674 154.085 152.503 150.930 149.364 147.806 146.256 144.714 143.180 141.653 140.135 138.624 137.122 135.627 134.140 132.661 131.190 129.727 128.272 126.825 125.385 123.954 122.530 121.114 119.707 118.307 116.915
229.567 227.646 225.733 223.827 221.929 220.040 218.158 216.284 214.418 212.560 210.710 208.867 207.033 205.207 203.388 201.577 199.774 197.980 196.192 194.413 192.642 190.879 189.123 187.376 185.636 183.905 182.181 180.465 178.757 177.057 175.365 173.680 172.004 170.335 168.675 167.022 165.377 163.740 162.111 160.490 158.877 157.272 155.674 154.085 152.503 150.930 149.364 147.806 146.256 144.714 143.180 141.653 140.135 138.624 137.122 135.627 134.140 132.661 131.190 129.727 128.272 126.825 125.385 123.954 122.530 121.114 119.707 118.307 116.915
229.567 227.646 225.733 223.827 221.929 220.040 218.158 216.284 214.418 212.560 210.710 208.867 207.033 205.207 203.388 201.577 199.774 197.980 196.192 194.413 192.642 190.879 189.123 187.376 185.636 183.905 182.181 180.465 178.757 177.057 175.365 173.680 172.004 170.335 168.675 167.022 165.377 163.740 162.111 160.490 158.877 157.272 155.674 154.085 152.503 150.930 149.364 147.806 146.256 144.714 143.180 141.653 140.135 138.624 137.122 135.627 134.140 132.661 131.190 129.727 128.272 126.825 125.385 123.954 122.530 121.114 119.707 118.307 116.915
229.567 227.646 225.733 223.827 221.929 220.040 218.158 216.284 214.418 212.560 210.710 208.867 207.033 205.207 203.388 201.577 199.774 197.980 196.192 194.413 192.642 190.879 189.123 187.376 185.636 183.905 182.181 180.465 178.757 177.057 175.365 173.680 172.004 170.335 168.675 167.022 165.377 163.740 162.111 160.490 158.877 157.272 155.674 154.085 152.503 150.930 149.364 147.806 146.256 144.714 143.180 141.653 140.135 138.624 137.122 135.627 134.140 132.661 131.190 129.727 128.272 126.825 125.385 123.954 122.530 121.114 119.707 118.307 116.915
229.567 227.646 225.733 223.827 221.929 220.040 218.158 216.284 214.418 212.560 210.710 208.867 207.033 205.207 203.388 201.577 199.774 197.980 196.192 194.413 192.642 190.879 189.123 187.376 185.636 183.905 182.181 180.465 178.757 177.057 175.365 173.680 172.004 170.335 168.675 167.022 165.377 163.740 162.111 160.490 158.877 157.272 155.674 154.085 152.503 150.930 149.364 147.806 146.256 144.714 143.180 141.653 140.135 138.624 137.122 135.627 134.140 132.661 131.190 129.727 128.272 126.825 125.385 123.954 122.530 121.114 119.707 118.307 116.915
229.567 227.646 225.733 223.827 221.929 220.040 218.158 216.284 214.418 212.560 210.710 208.867 207.033 205.207 203.388 201.577 199.774 197.980 196.192 194.413 192.642 190.879 189.123 187.376 185.636 183.905 182.181 180.465 178.757 177.057 175.365 173.680 172.004 170.335 168.675 167.022 165.377 163.740 162.111 160.490 158.877 157.272 155.674 154.085 152.503 150.930 149.364 147.806 146.256 144.714 143.180 141.653 140.135 138.624 137.122 135.627 134.140 132.661 131.190 129.727 128.272 126.825 125.385 123.954 122.530 121.114 119.707 118.307 116.915
229.567 227.646 225.733 223.827 221.929 220.040 218.158 216.284 214.418 212.560 210.710 208.867 207.033 205.207 203.388 201.577 199.774 197.980 196.192 194.413 192.642 190.879 189.123 187.376 185.636 183.905 182.181 180.465 178.757 177.057 175.365 173.680 172.004 170.335 168.675 167.022 165.377 163.740 162.111 160.490 158.877 157.272 155.674 154.085 152.503 150.930 149.364 147.806 146.256 144.714 143.180 141.653 140.135 138.624 137.122 135.627 134.140 132.661 131.190 129.727 128.272 126.825 125.385 123.954 122.530 121.114 119.707 118.307 116.915
229.567 227.646 225.733 223.827 221.929 220.040 218.158 216.284 214.418 212.560 210.710 208.867 207.033 205.207 203.388 201.577 199.774 197.980 196.192 194.413 192.642 190.879 189.123 187.376 185.636 183.905 182.181 180.465 178.757 177.057 175.365 173.680 172.004 170.335 168.675 167.022 165.377 163.740 162.111 160.490 158.877 157.272 155.674 154.085 152.503 150.930 149.364 147.806 146.256 144.714 143.180 141.653 140.135 138.624 137.122 135.627 134.140 132.661 131.190 129.727 128.272 126.825 125.385 123.954 122.530 121.114 119.707 118.307 116.915
229.567 227.646 225.733 223.827 221.929 220.040 218.158 216.284 214.418 212.560 210.710 208.867 207.033 205.207 203.388 201.577 199.774 197.980 196.192 194.413 192.642 190.879 189.123 187.376 185.636 183.905 182.181 180.465 178.757 177.057 175.365 173.680 172.004 170.335 168.675 167.022 165.377 163.740 162.111 160.490 158.877 157.272 155.674 154.085 152.503 150.930 149.364 147.806 146.256 144.714 143.180 141.653 140.135 138.624 137.122 135.627 134.140 132.661 131.190 129.727 128.272 126.825 125.385 123.954 122.530 121.114 119.707 118.307 116.915
229.567 227.646 225.733 223.827 221.929 220.040 218.158 216.284 214.418 212.560 210.710 208.867 207.033 205.207 203.388 201.577 199.774 197.980 196.192 194.413 192.642 190.879 189.123 187.376 185.636 183.905 182.181 180.465 178.757 177.057 175.365 173.680 172.004 170.335 168.675 167.022 165.377 163.740 162.111 160.490 158.877 157.272 155.674 154.085 152.503 150.930 149.364 147.806 146.256 144.714 143.180 141.653 140.135 138.624 137.122 135.627 134.140 132.661 131.190 129.727 128.272 126.825 125.385 123.954 122.530 121.114 119.707 118.307 116.915
229.567 227.646 225.733 223.827 221.929 220.040 218.158 216.284 214.418 212.560 210.710 208.867 207.033 205.207 203.388 201.577 199.774 197.980 196.192 194.413 192.642 190.879 189.123 187.376 185.636 183.905 182.181 180.465 178.757 177.057 175.365 173.680 172.004 170.335 168.675 167.022 165.377 163.740 162.111 160.490 158.877 157.272 155.674 154.085 152.503 150.930 149.364 147.806 146.256 144.714 143.180 141.653 140.135 138.624 137.122 135.627 134.140 132.661 131.190 129.727 128.272 126.825 125.385 123.954 122.530 121.114 119.707 118.307 116.915
229.567 227.646 225.733 223.827 221.929 220.040 218.158 216.284 214.418 212.560 210.710 208.867 207.033 205.207 203.388 201.577 199.774 197.980 196.192 194.413 192.642 190.879 189.123 187.376 185.636 183.905 182.181 180.465 178.757 177.057 175.365 173.680 172.004 170.335 168.675 167.022 165.377 163.740 162.111 160.490 158.877 157.272 155.674 154.085 152.503 150.930 149.364 147.806 146.256 144.714 143.180 141.653 140.135 138.624 137.122 135.627 134.140 132.661 131.190 129.727 128.272 126.825 125.385 123.954 122.530 121.114 119.707 118.307 116.915
229.567 227.646 225.733 223.827 221.929 220.040 218.158 216.284 214.418 212.560 210.710 208.867 207.033 205.207 203.388 201.577 199.774 197.980 196.192 194.413 192.642 190.879 189.123 187.376 185.636 183.905 182.181 180.465 178.757 177.057 175.365 173.680 172.004 170.335 168.675 167.022 165.377 163.740 162.111 160.490 158.877 157.272 155.674 154.085 152.503 150.930 149.364 147.806 146.256 144.714 143.180 141.653 140.135 138.624 137.122 135.627 134.140 132.661 131.190 129.727 128.272 126.825 125.385 123.954 122.530 121.114 119.707 118.307 116.915
229.567 227.646 225.733 223.827 221.929 220.040 218.158 216.284 214.418 212.560 210.710 208.867 207.033 205.207 203.388 201.577 199.774 197.980 196.192 194.413 192.642 190.879 189.123 187.376 185.636 183.905 182.181 180.465 178.757 177.057 175.365 173.680 172.004 170.335 168.675 167.022 165.377 163.740 162.111 160.490 158.877 157.272 155.674 154.085 152.503 150.930 149.364 147.806 146.256 144.714 143.180 141.653 140.135 138.624 137.122 135.627 134.140 132.661 131.190 129.727 128.272 126.825 125.385 123.954 122.530 121.114 119.707 118.307 116.915
229.567 227.646 225.733 223.827 221.929 220.040 218.158 216.284 214.418 212.560 210.710 208.867 207.033 205.207 203.388 201.577 199.774 197.980 196.192 194.413 192.642 190.879 189.123 187.376 185.636 183.905 182.181 180.465 178.757 177.057 175.365 173.680 172.004 170.335 168.675 167.022 165.377 163.740 162.111 160.490 158.877 157.272 155.674 154.085 152.503 150.930 149.364 147.806 146.256 144.714 143.180 141.653 140.135 138.624 137.122 135.627 134.140 132.661 131.190 129.727 128.272 126.825 125.385 123.954 122.530 121.114 119.707 118.307 116.915
229.567 227.646 225.733 223.827 221.929 220.040 218.158 216.284 214.418 212.560 210.710 208.867 207.033 205.207 203.388 201.577 199.774 197.980 196.192 194.413 192.642 190.879 189.123 187.376 185.636 183.905 182.181 180.465 178.757 177.057 175.365 173.680 172.004 170.335 168.675 167.022 165.377 163.740 162.111 160.490 158.877 157.272 155.674 154.085 152.503 150.930 149.364 147.806 146.256 144.714 143.180 141.653 140.135 138.624 137.122 135.627 134.140 132.661 131.190 129.727 128.272 126.825 125.385 123.954 122.530 121.114 119.707 118.307 116.915
229.567 227.646 225.733 223.827 221.929 220.040 218.158 216.284 214.418 212.560 210.710 208.867 207.033 205.207 203.388 201.577 199.774 197.980 196.192 194.413 192.642 190.879 189.123 187.376 185.636 183.905 182.181 180.465 178.757 177.057 175.365 173.680 172.004 170.335 168.675 167.022 165.377 163.740 162.111 160.490 158.877 157.272 155.674 154.085 152.503 150.930 149.364 147.806 146.256 144.714 143.180 141.653 140.135 138.624 137.122 135.627 134.140 132.661 131.190 129.727 128.272 126.825 125.385 123.954 122.530 121.114 119.707 118.307 116.915
229.567 227.646 225.733 223.827 221.929 220.040 218.158 216.284 214.418 212.560 210.710 208.867 207.033 205.207 203.388 201.577 199.774 197.980 196.192 194.413 192.642 190.879 189.123 187.376 185.636 183.905 182.181 180.465 178.757 177.057 175.365 173.680 172.004 170.335 168.675 167.022 165.377 163.740 162.111 160.490 158.877 157.272 155.674 154.085 152.503 150.930 149.364 147.806 146.256 144.714 143.180 141.653 140.135 138.624 137.122 135.627 134.140 132.661 131.190 129.727 128.272 126.825 125.385 123.954 122.530 121.114 119.707 118.307 116.915
229.567 227.646 225.733 223.827 221.929 220.040 218.158 216.284 214.418 212.560 210.710 208.867 207.033 205.207 203.388 201.577 199.774 197.980 196.192 194.413 192.642 190.879 189.123 187.376 185.636 183.905 182.181 180.465 178.757 177.057 175.365 173.680 172.004 170.335 168.675 167.022 165.377 163.740 162.111 160.490 158.877 157.272 155.674 154.085 152.503 150.930 149.364 147.806 146.256 144.714 143.180 141.653 140.135 138.624 137.122 135.627 134.140 132.661 131.190 129.727 128.272 126.825 125.385 123.954 122.530 121.114 119.707 118.307 116.915
229.567 227.646 225.733 223.827 221.929 220.040 218.158 216.284 214.418 212.560 210.710 208.867 207.033 205.207 203.388 201.577 199.774 197.980 196.192 194.413 192.642 190.879 189.123 187.376 185.636 183.905 182.181 180.465 178.757 177.057 175.365 173.680 172.004 170.335 168.675 167.022 165.377 163.740 162.111 160.490 158.877 157.272 155.674 154.085 152.503 150.930 149.364 147.806 146.256 144.714 143.180 141.653 140.135 138.624 137.122 135.627 134.140 132.661 131.190 129.727 128.272 126.825 125.385 123.954 122.530 121.114 119.707 118.307 116.915
229.567 227.646 225.733 223.827 221.929 220.040 218.158 216.284 214.418 212.560 210.710 208.867 207.033 205.207 203.388 201.577 199.774 197.980 196.192 194.413 192.642 190.879 189.123 187.376 185.636 183.905 182.181 180.465 178.757 177.057 175.365 173.680 172.004 170.335 168.675 167.022 165.377 163.740 162.111 160.490 158.877 157.272 155.674 154.085 152.503 150.930 149.364 147.806 146.256 144.714 143.180 141.653 140.135 138.624 137.122 135.627 134.140 132.661 131.190 129.727 128.272 126.825 125.385 123.954 122.530 121.114 119.707 118.307 116.915
229.567 227.646 225.733 223.827 221.929 220.040 218.158 216.284 214.418 212.560 210.710 208.867 207.033 205.207 203.388 201.577 199.774 197.980 196.192 194.413 192.642 190.879 189.123 187.376 185.636 183.905 182.181 180.465 178.757 177.057 175.365 173.680 172.004 170.335 168.675 167.022 165.377 163.740 162.111 160.490 158.877 157.272 155.674 154.085 152.503 150.930 149.364 147.806 146.256 144.714 143.180 141.653 140.135 138.624 137.122 135.627 134.140 132.661 131.190 129.727 128.272 126.825 125.385 123.954 122.530 121.114 119.707 118.307 116.915
229.567 227.646 225.733 223.827 221.929 220.040 218.158 216.284 214.418 212.560 210.710 208.867 207.033 205.207 203.388 201.577 199.774 197.980 196.192 194.413 192.642 190.879 189.123 187.376 185.636 183.905 182.181 180.465 178.757 177.057 175.365 173.680 172.004 170.335 168.675 167.022 165.377 163.740 162.111 160.490 158.877 157.272 155.674 154.085 152.503 150.930 149.364 147.806 146.256 144.714 143.180 141.653 140.135 138.624 137.122 135.627 134.140 132.661 131.190 129.727 128.272 126.825 125.385 123.954 122.530 121.114 119.707 118.307 116.915
229.567 227.646 225.733 223.827 221.929 220.040 218.158 216.284 214.418 212.560 210.710 208.867 207.033 205.207 203.388 201.577 199.774 197.980 196.192 194.413 192.642 190.879 189.123 187.376 185.636 183.905 182.181 180.465 178.757 177.057 175.365 173.680 172.004 170.335 168.675 167.022 165.377 163.740 162.111 160.490 158.877 157.272 155.674 154.085 152.503 150.930 149.364 147.806 146.256 144.714 143.180 141.653 140.135 138.624 137.122 135.627 134.140 132.661 131.190 129.727 128.272 126.825 125.385 123.954 122.530 121.114 119.707 118.307 116.915
229.567 227.646 225.733 223.827 221.929 220.040 218.158 216.284 214.418 212.560 210.710 208.867 207.033 205.207 203.388 201.577 199.774 197.980 196.192 194.413 192.642 190.879 189.123 187.376 185.636 183.905 182.181 180.465 178.757 177.057 175.365 173.680 172.004 170.335 168.675 167.022 165.377 163.740 162.111 160.490 158.877 157.272 155.674 154.085 152.503 150.930 149.364 147.806 146.256 144.714 143.180 141.653 140.135 138.624 137.122 135.627 134.140 132.661 131.190 129.727 128.272 126.825 125.385 123.954 122.530 121.114 119.707 118.307 116.915
229.567 227.646 225.733 223.827 221.929 220.040 218.158 216.284 214.418 212.560 210.710 208.867 207.033 205.207 203.388 201.577 199.774 197.980 196.192 194.413 192.642 190.879 189.123 187.376 185.636 183.905 182.181 180.465 178.757 177.057 175.365 173.680 172.004 170.335 168.675 167.022 165.377 163.740 162.111 160.490 158.877 157.272 155.674 154.085 152.503 150.930 149.364 147.806 146.256 144.714 143.180 141.653 140.135 138.624 137.122 135.627 134.140 132.661 131.190 129.727 128.272 126.825 125.385 123.954 122.530 121.114 119.707 118.307 116.915
229.567 227.646 225.733 223.827 221.929 220.040 218.158 216.284 214.418 212.560 210.710 208.867 207.033 205.207 203.388 201.577 199.774 197.980 196.192 194.413 192.642 190.879 189.123 187.376 185.636 183.905 182.181 180.465 178.757 177.057 175.365 173.680 172.004 170.335 168.675 167.022 165.377 163.740 162.111 160.490 158.877 157.272 155.674 154.085 152.503 150.930 149.364 147.806 146.256 144.714 143.180 141.653 140.135 138.624 137.122 135.627 134.140 132.661 131.190 129.727 128.272 126.825 125.385 123.954 122.530 121.114 119.707 118.307 116.915
229.567 227.646 225.733 223.827 221.929 220.040 218.158 216.284 214.418 212.560 210.710 208.867 207.033 205.207 203.388 201.577 199.774 197.980 196.192 194.413 192.642 190.879 189.123 187.376 185.636 183.905 182.181 180.465 178.757 177.057 175.365 173.680 172.004 170.335 168.675 167.022 165.377 163.740 162.111 160.490 158.877 157.272 155.674 154.085 152.503 150.930 149.364 147.806 146.256 144.714 143.180 141.653 140.135 138.624 137.122 135.627 134.140 132.661 131.190 129.727 128.272 126.825 125.385 123.954 122.530 121.114 119.707 118.307 116.915
229.567 227.646 225.733 223.827 221.929 220.040 218.158 216.284 214.418 212.560 210.710 208.867 207.033 205.207 203.388 201.577 199.774 197.980 196.192 194.413 192.642 190.879 189.123 187.376 185.636 183.905 182.181 180.465 178.757 177.057 175.365 173.680 172.004 170.335 168.675 167.022 165.377 163.740 162.111 160.490 158.877 157.272 155.674 154.085 152.503 150.930 149.364 147.806 146.256 144.714 143.180 141.653 140.135 138.624 137.122 135.627 134.140 132.661 131.190 129.727 128.272 126.825 125.385 123.954 122.530 121.114 119.707 118.307 116.915
229.567 227.646 225.733 223.827 221.929 220.040 218.158 216.284 214.418 212.560 210.710 208.867 207.033 205.207 203.388 201.577 199.774 197.980 196.192 194.413 192.642 190.879 189.123 187.376 185.636 183.905 182.181 180.465 178.757 177.057 175.365 173.680 172.004 170.335 168.675 167.022 165.377 163.740 162.111 160.490 158.877 157.272 155.674 154.085 152.503 150.930 149.364 147.806 146.256 144.714 143.180 141.653 140.135 138.624 137.122 135.627 134.140 132.661 131.190 129.727 128.272 126.825 125.385 123.954 122.530 121.114 119.707 118.307 116.915
