examples/standard/5m_standard_xl.asc
ncols 1001 
nrows 301 
xllcorner 0.000000 
yllcorner -750.000000 
cellsize 5.000000 
NODATA_value -9999.000000 
[rows 62 to 92 of 301, columns 69 to 137 of 1001]
797.349 793.792 790.243 786.703 783.170 779.645 776.127 772.618 769.117 765.624 762.138 758.660 755.191 751.729 748.275 744.829 741.391 737.961 734.538 731.124 727.718 724.319 720.928 717.545 714.171 710.803 707.444 704.093 700.750 697.414 694.087 690.767 687.456 684.152 680.856 677.568 674.288 671.016 667.751 664.495 661.246 658.006 654.773 651.548 648.331 645.122 641.921 638.728 635.543 632.365 629.196 626.034 622.881 619.735 616.597 613.467 610.345 607.231 604.124 601.026 597.935 594.853 591.778 588.711 585.652 582.601 579.558 576.523 573.496
797.349 793.792 790.243 786.703 783.170 779.645 776.127 772.618 769.117 765.624 762.138 758.660 755.191 751.729 748.275 744.829 741.391 737.961 734.538 731.124 727.718 724.319 720.928 717.545 714.171 710.803 707.444 704.093 700.750 697.414 694.087 690.767 687.456 684.152 680.856 677.568 674.288 671.016 667.751 664.495 661.246 658.006 654.773 651.548 648.331 645.122 641.921 638.728 635.543 632.365 629.196 626.034 622.881 619.735 616.597 613.467 610.345 607.231 604.124 601.026 597.935 594.853 591.778 588.711 585.652 582.601 579.558 576.523 573.496
797.349 793.792 790.243 786.703 783.170 779.645 776.127 772.618 769.117 765.624 762.138 758.660 755.191 751.729 748.275 744.829 741.391 737.961 734.538 731.124 727.718 724.319 720.928 717.545 714.171 710.803 707.444 704.093 700.750 697.414 694.087 690.767 687.456 684.152 680.856 677.568 674.288 671.016 667.751 664.495 661.246 658.006 654.773 651.548 648.331 645.122 641.921 638.728 635.543 632.365 629.196 626.034 622.881 619.735 616.597 613.467 610.345 607.231 604.124 601.026 597.935 594.853 591.778 588.711 585.652 582.601 579.558 576.523 573.496
797.349 793.792 790.243 786.703 783.170 779.645 776.127 772.618 769.117 765.624 762.138 758.660 755.191 751.729 748.275 744.829 741.391 737.961 734.538 731.124 727.718 724.319 720.928 717.545 714.171 710.803 707.444 704.093 700.750 697.414 694.087 690.767 687.456 684.152 680.856 677.568 674.288 671.016 667.751 664.495 661.246 658.006 654.773 651.548 648.331 645.122 641.921 638.728 635.543 632.365 629.196 626.034 622.881 619.735 616.597 613.467 610.345 607.231 604.124 601.026 597.935 594.853 591.778 588.711 585.652 582.601 579.558 576.523 573.496
797.349 793.792 790.243 786.703 783.170 779.645 776.127 772.618 769.117 765.624 762.138 758.660 755.191 751.729 748.275 744.829 741.391 737.961 734.538 731.124 727.718 724.319 720.928 717.545 714.171 710.803 707.444 704.093 700.750 697.414 694.087 690.767 687.456 684.152 680.856 677.568 674.288 671.016 667.751 664.495 661.246 658.006 654.773 651.548 648.331 645.122 641.921 638.728 635.543 632.365 629.196 626.034 622.881 619.735 616.597 613.467 610.345 607.231 604.124 601.026 597.935 594.853 591.778 588.711 585.652 582.601 579.558 576.523 573.496
797.349 793.792 790.243 786.703 783.170 779.645 776.127 772.618 769.117 765.624 762.138 758.660 755.191 751.729 748.275 744.829 741.391 737.961 734.538 731.124 727.718 724.319 720.928 717.545 714.171 710.803 707.444 704.093 700.750 697.414 694.087 690.767 687.456 684.152 680.856 677.568 674.288 671.016 667.751 664.495 661.246 658.006 654.773 651.548 648.331 645.122 641.921 638.728 635.543 632.365 629.196 626.034 622.881 619.735 616.597 613.467 610.345 607.231 604.124 601.026 597.935 594.853 591.778 588.711 585.652 582.601 579.558 576.523 573.496
797.349 793.792 790.243 786.703 783.170 779.645 776.127 772.618 769.117 765.624 762.138 758.660 755.191 751.729 748.275 744.829 741.391 737.961 734.538 731.124 727.718 724.319 720.928 717.545 714.171 710.803 707.444 704.093 700.750 697.414 694.087 690.767 687.456 684.152 680.856 677.568 674.288 671.016 667.751 664.495 661.246 658.006 654.773 651.548 648.331 645.122 641.921 638.728 635.543 632.365 629.196 626.034 622.881 619.735 616.597 613.467 610.345 607.231 604.124 601.026 597.935 594.853 591.778 588.711 585.652 582.601 579.558 576.523 573.496
797.349 793.792 790.243 786.703 783.170 779.645 776.127 772.618 769.117 765.624 762.138 758.660 755.191 751.729 748.275 744.829 741.391 737.961 734.538 731.124 727.718 724.319 720.928 717.545 714.171 710.803 707.444 704.093 700.750 697.414 694.087 690.767 687.456 684.152 680.856 677.568 674.288 671.016 667.751 664.495 661.246 658.006 654.773 651.548 648.331 645.122 641.921 638.728 635.543 632.365 629.196 626.034 622.881 619.735 616.597 613.467 610.345 607.231 604.124 601.026 597.935 594.853 591.778 588.711 585.652 582.601 579.558 576.523 573.496
797.349 793.792 790.243 786.703 783.170 779.645 776.127 772.618 769.117 765.624 762.138 758.660 755.191 751.729 748.275 744.829 741.391 737.961 734.538 731.124 727.718 724.319 720.928 717.545 714.171 710.803 707.444 704.093 700.750 697.414 694.087 690.767 687.456 684.152 680.856 677.568 674.288 671.016 667.751 664.495 661.246 658.006 654.773 651.548 648.331 645.122 641.921 638.728 635.543 632.365 629.196 626.034 622.881 619.735 616.597 613.467 610.345 607.231 604.124 601.026 597.935 594.853 591.778 588.711 585.652 582.601 579.558 576.523 573.496
797.349 793.792 790.243 786.703 783.170 779.645 776.127 772.618 769.117 765.624 762.138 758.660 755.191 751.729 748.275 744.829 741.391 737.961 734.538 731.124 727.718 724.319 720.928 717.545 714.171 710.803 707.444 704.093 700.750 697.414 694.087 690.767 687.456 684.152 680.856 677.568 674.288 671.016 667.751 664.495 661.246 658.006 654.773 651.548 648.331 645.122 641.921 638.728 635.543 632.365 629.196 626.034 622.881 619.735 616.597 613.467 610.345 607.231 604.124 601.026 597.935 594.853 591.778 588.711 585.652 582.601 579.558 576.523 573.496
797.349 793.792 790.243 786.703 783.170 779.645 776.127 772.618 769.117 765.624 762.138 758.660 755.191 751.729 748.275 744.829 741.391 737.961 734.538 731.124 727.718 724.319 720.928 717.545 714.171 710.803 707.444 704.093 700.750 697.414 694.087 690.767 687.456 684.152 680.856 677.568 674.288 671.016 667.751 664.495 661.246 658.006 654.773 651.548 648.331 645.122 641.921 638.728 635.543 632.365 629.196 626.034 622.881 619.735 616.597 613.467 610.345 607.231 604.124 601.026 597.935 594.853 591.778 588.711 585.652 582.601 579.558 576.523 573.496
797.349 793.792 790.243 786.703 783.170 779.645 776.127 772.618 769.117 765.624 762.138 758.660 755.191 751.729 748.275 744.829 741.391 737.961 734.538 731.124 727.718 724.319 720.928 717.545 714.171 710.803 707.444 704.093 700.750 697.414 694.087 690.767 687.456 684.152 680.856 677.568 674.288 671.016 667.751 664.495 661.246 658.006 654.773 651.548 648.331 645.122 641.921 638.728 635.543 632.365 629.196 626.034 622.881 619.735 616.597 613.467 610.345 607.231 604.124 601.026 597.935 594.853 591.778 588.711 585.652 582.601 579.558 576.523 573.496
797.349 793.792 790.243 786.703 783.170 779.645 776.127 772.618 769.117 765.624 762.138 758.660 755.191 751.729 748.275 744.829 741.391 737.961 734.538 731.124 727.718 724.319 720.928 717.545 714.171 710.803 707.444 704.093 700.750 697.414 694.087 690.767 687.456 684.152 680.856 677.568 674.288 671.016 667.751 664.495 661.246 658.006 654.773 651.548 648.331 645.122 641.921 638.728 635.543 632.365 629.196 626.034 622.881 619.735 616.597 613.467 610.345 607.231 604.124 601.026 597.935 594.853 591.778 588.711 585.652 582.601 579.558 576.523 573.496
797.349 793.792 790.243 786.703 783.170 779.645 776.127 772.618 769.117 765.624 762.138 758.660 755.191 751.729 748.275 744.829 741.391 737.961 734.538 731.124 727.718 724.319 720.928 717.545 714.171 710.803 707.444 704.093 700.750 697.414 694.087 690.767 687.456 684.152 680.856 677.568 674.288 671.016 667.751 664.495 661.246 658.006 654.773 651.548 648.331 645.122 641.921 638.728 635.543 632.365 629.196 626.034 622.881 619.735 616.597 613.467 610.345 607.231 604.124 601.026 597.935 594.853 591.778 588.711 585.652 582.601 579.558 576.523 573.496
797.349 793.792 790.243 786.703 783.170 779.645 776.127 772.618 769.117 765.624 762.138 758.660 755.191 751.729 748.275 744.829 741.391 737.961 734.538 731.124 727.718 724.319 720.928 717.545 714.171 710.803 707.444 704.093 700.750 697.414 694.087 690.767 687.456 684.152 680.856 677.568 674.288 671.016 667.751 664.495 661.246 658.006 654.773 651.548 648.331 645.122 641.921 638.728 635.543 632.365 629.196 626.034 622.881 619.735 616.597 613.467 610.345 607.231 604.124 601.026 597.935 594.853 591.778 588.711 585.652 582.601 579.558 576.523 573.496
797.349 793.792 790.243 786.703 783.170 779.645 776.127 772.618 769.117 765.624 762.138 758.660 755.191 751.729 748.275 744.829 741.391 737.961 734.538 731.124 727.718 724.319 720.928 717.545 714.171 710.803 707.444 704.093 700.750 697.414 694.087 690.767 687.456 684.152 680.856 677.568 674.288 671.016 667.751 664.495 661.246 658.006 654.773 651.548 648.331 645.122 641.921 638.728 635.543 632.365 629.196 626.034 622.881 619.735 616.597 613.467 610.345 607.231 604.124 601.026 597.935 594.853 591.778 588.711 585.652 582.601 579.558 576.523 573.496
797.349 793.792 790.243 786.703 783.170 779.645 776.127 772.618 769.117 765.624 762.138 758.660 755.191 751.729 748.275 744.829 741.391 737.961 734.538 731.124 727.718 724.319 720.928 717.545 714.171 710.803 707.444 704.093 700.750 697.414 694.087 690.767 687.456 684.152 680.856 677.568 674.288 671.016 667.751 664.495 661.246 658.006 654.773 651.548 648.331 645.122 641.921 638.728 635.543 632.365 629.196 626.034 622.881 619.735 616.597 613.467 610.345 607.231 604.124 601.026 597.935 594.853 591.778 588.711 585.652 582.601 579.558 576.523 573.496
797.349 793.792 790.243 786.703 783.170 779.645 776.127 772.618 769.117 765.624 762.138 758.660 755.191 751.729 748.275 744.829 741.391 737.961 734.538 731.124 727.718 724.319 720.928 717.545 714.171 710.803 707.444 704.093 700.750 697.414 694.087 690.767 687.456 684.152 680.856 677.568 674.288 671.016 667.751 664.495 661.246 658.006 654.773 651.548 648.331 645.122 641.921 638.728 635.543 632.365 629.196 626.034 622.881 619.735 616.597 613.467 610.345 607.231 604.124 601.026 597.935 594.853 591.778 588.711 585.652 582.601 579.558 576.523 573.496
797.349 793.792 790.243 786.703 783.170 779.645 776.127 772.618 769.117 765.624 762.138 758.660 755.191 751.729 748.275 744.829 741.391 737.961 734.538 731.124 727.718 724.319 720.928 717.545 714.171 710.803 707.444 704.093 700.750 697.414 694.087 690.767 687.456 684.152 680.856 677.568 674.288 671.016 667.751 664.495 661.246 658.006 654.773 651.548 648.331 645.122 641.921 638.728 635.543 632.365 629.196 626.034 622.881 619.735 616.597 613.467 610.345 607.231 604.124 601.026 597.935 594.853 591.778 588.711 585.652 582.601 579.558 576.523 573.496
797.349 793.792 790.243 786.703 783.170 779.645 776.127 772.618 769.117 765.624 762.138 758.660 755.191 751.729 748.275 744.829 741.391 737.961 734.538 731.124 727.718 724.319 720.928 717.545 714.171 710.803 707.444 704.093 700.750 697.414 694.087 690.767 687.456 684.152 680.856 677.568 674.288 671.016 667.751 664.495 661.246 658.006 654.773 651.548 648.331 645.122 641.921 638.728 635.543 632.365 629.196 626.034 622.881 619.735 616.597 613.467 610.345 607.231 604.124 601.026 597.935 594.853 591.778 588.711 585.652 582.601 579.558 576.523 573.496
797.349 793.792 790.243 786.703 783.170 779.645 776.127 772.618 769.117 765.624 762.138 758.660 755.191 751.729 748.275 744.829 741.391 737.961 734.538 731.124 727.718 724.319 720.928 717.545 714.171 710.803 707.444 704.093 700.750 697.414 694.087 690.767 687.456 684.152 680.856 677.568 674.288 671.016 667.751 664.495 661.246 658.006 654.773 651.548 648.331 645.122 641.921 638.728 635.543 632.365 629.196 626.034 622.881 619.735 616.597 613.467 610.345 607.231 604.124 601.026 597.935 594.853 591.778 588.711 585.652 582.601 579.558 576.523 573.496
797.349 793.792 790.243 786.703 783.170 779.645 776.127 772.618 769.117 765.624 762.138 758.660 755.191 751.729 748.275 744.829 741.391 737.961 734.538 731.124 727.718 724.319 720.928 717.545 714.171 710.803 707.444 704.093 700.750 697.414 694.087 690.767 687.456 684.152 680.856 677.568 674.288 671.016 667.751 664.495 661.246 658.006 654.773 651.548 648.331 645.122 641.921 638.728 635.543 632.365 629.196 626.034 622.881 619.735 616.597 613.467 610.345 607.231 604.124 601.026 597.935 594.853 591.778 588.711 585.652 582.601 579.558 576.523 573.496
797.349 793.792 790.243 786.703 783.170 779.645 776.127 772.618 769.117 765.624 762.138 758.660 755.191 751.729 748.275 744.829 741.391 737.961 734.538 731.124 727.718 724.319 720.928 717.545 714.171 710.803 707.444 704.093 700.750 697.414 694.087 690.767 687.456 684.152 680.856 677.568 674.288 671.016 667.751 664.495 661.246 658.006 654.773 651.548 648.331 645.122 641.921 638.728 635.543 632.365 629.196 626.034 622.881 619.735 616.597 613.467 610.345 607.231 604.124 601.026 597.935 594.853 591.778 588.711 585.652 582.601 579.558 576.523 573.496
797.349 793.792 790.243 786.703 783.170 779.645 776.127 772.618 769.117 765.624 762.138 758.660 755.191 751.729 748.275 744.829 741.391 737.961 734.538 731.124 727.718 724.319 720.928 717.545 714.171 710.803 707.444 704.093 700.750 697.414 694.087 690.767 687.456 684.152 680.856 677.568 674.288 671.016 667.751 664.495 661.246 658.006 654.773 651.548 648.331 645.122 641.921 638.728 635.543 632.365 629.196 626.034 622.881 619.735 616.597 613.467 610.345 607.231 604.124 601.026 597.935 594.853 591.778 588.711 585.652 582.601 579.558 576.523 573.496
797.349 793.792 790.243 786.703 783.170 779.645 776.127 772.618 769.117 765.624 762.138 758.660 755.191 751.729 748.275 744.829 741.391 737.961 734.538 731.124 727.718 724.319 720.928 717.545 714.171 710.803 707.444 704.093 700.750 697.414 694.087 690.767 687.456 684.152 680.856 677.568 674.288 671.016 667.751 664.495 661.246 658.006 654.773 651.548 648.331 645.122 641.921 638.728 635.543 632.365 629.196 626.034 622.881 619.735 616.597 613.467 610.345 607.231 604.124 601.026 597.935 594.853 591.778 588.711 585.652 582.601 579.558 576.523 573.496
797.349 793.792 790.243 786.703 783.170 779.645 776.127 772.618 769.117 765.624 762.138 758.660 755.191 751.729 748.275 744.829 741.391 737.961 734.538 731.124 727.718 724.319 720.928 717.545 714.171 710.803 707.444 704.093 700.750 697.414 694.087 690.767 687.456 684.152 680.856 677.568 674.288 671.016 667.751 664.495 661.246 658.006 654.773 651.548 648.331 645.122 641.921 638.728 635.543 632.365 629.196 626.034 622.881 619.735 616.597 613.467 610.345 607.231 604.124 601.026 597.935 594.853 591.778 588.711 585.652 582.601 579.558 576.523 573.496
797.349 793.792 790.243 786.703 783.170 779.645 776.127 772.618 769.117 765.624 762.138 758.660 755.191 751.729 748.275 744.829 741.391 737.961 734.538 731.124 727.718 724.319 720.928 717.545 714.171 710.803 707.444 704.093 700.750 697.414 694.087 690.767 687.456 684.152 680.856 677.568 674.288 671.016 667.751 664.495 661.246 658.006 654.773 651.548 648.331 645.122 641.921 638.728 635.543 632.365 629.196 626.034 622.881 619.735 616.597 613.467 610.345 607.231 604.124 601.026 597.935 594.853 591.778 588.711 585.652 582.601 579.558 576.523 573.496
797.349 793.792 790.243 786.703 783.170 779.645 776.127 772.618 769.117 765.624 762.138 758.660 755.191 751.729 748.275 744.829 741.391 737.961 734.538 731.124 727.718 724.319 720.928 717.545 714.171 710.803 707.444 704.093 700.750 697.414 694.087 690.767 687.456 684.152 680.856 677.568 674.288 671.016 667.751 664.495 661.246 658.006 654.773 651.548 648.331 645.122 641.921 638.728 635.543 632.365 629.196 626.034 622.881 619.735 616.597 613.467 610.345 607.231 604.124 601.026 597.935 594.853 591.778 588.711 585.652 582.601 579.558 576.523 573.496
797.349 793.792 790.243 786.703 783.170 779.645 776.127 772.618 769.117 765.624 762.138 758.660 755.191 751.729 748.275 744.829 741.391 737.961 734.538 731.124 727.718 724.319 720.928 717.545 714.171 710.803 707.444 704.093 700.750 697.414 694.087 690.767 687.456 684.152 680.856 677.568 674.288 671.016 667.751 664.495 661.246 658.006 654.773 651.548 648.331 645.122 641.921 638.728 635.543 632.365 629.196 626.034 622.881 619.735 616.597 613.467 610.345 607.231 604.124 601.026 597.935 594.853 591.778 588.711 585.652 582.601 579.558 576.523 573.496
797.349 793.792 790.243 786.703 783.170 779.645 776.127 772.618 769.117 765.624 762.138 758.660 755.191 751.729 748.275 744.829 741.391 737.961 734.538 731.124 727.718 724.319 720.928 717.545 714.171 710.803 707.444 704.093 700.750 697.414 694.087 690.767 687.456 684.152 680.856 677.568 674.288 671.016 667.751 664.495 661.246 658.006 654.773 651.548 648.331 645.122 641.921 638.728 635.543 632.365 629.196 626.034 622.881 619.735 616.597 613.467 610.345 607.231 604.124 601.026 597.935 594.853 591.778 588.711 585.652 582.601 579.558 576.523 573.496
797.349 793.792 790.243 786.703 783.170 779.645 776.127 772.618 769.117 765.624 762.138 758.660 755.191 751.729 748.275 744.829 741.391 737.961 734.538 731.124 727.718 724.319 720.928 717.545 714.171 710.803 707.444 704.093 700.750 697.414 694.087 690.767 687.456 684.152 680.856 677.568 674.288 671.016 667.751 664.495 661.246 658.006 654.773 651.548 648.331 645.122 641.921 638.728 635.543 632.365 629.196 626.034 622.881 619.735 616.597 613.467 610.345 607.231 604.124 601.026 597.935 594.853 591.778 588.711 585.652 582.601 579.558 576.523 573.496
