examples/helix/dhm.asc
ncols 751 
nrows 351 
xllcorner -1875.000000 
yllcorner -1750.000000 
cellsize 5.000000 
NODATA_value -9999.000000 
[rows 186 to 216 of 351, columns 276 to 344 of 751]
344.247 342.176 340.111 338.053 336.001 333.956 331.917 329.886 327.861 325.843 323.831 321.826 319.827 317.834 315.847 313.864 311.886 309.912 307.940 305.971 304.004 302.036 300.068 298.098 296.124 294.145 292.160 290.168 288.165 286.151 284.124 282.081 280.021 277.942 275.841 273.716 271.566 269.387 267.178 264.937 262.661 260.348 257.997 255.606 253.172 250.695 248.172 245.602 242.984 240.318 237.602 234.837 232.021 229.155 226.240 223.275 220.262 217.201 214.095 210.945 207.753 204.521 201.252 197.949 194.613 191.250 187.862 184.452 181.025
345.508 343.420 341.339 339.264 337.196 335.134 333.079 331.031 328.990 326.956 324.929 322.908 320.893 318.885 316.882 314.885 312.893 310.904 308.920 306.937 304.957 302.978 300.998 299.017 297.033 295.044 293.050 291.049 289.039 287.018 284.984 282.935 280.870 278.786 276.681 274.553 272.400 270.219 268.008 265.766 263.489 261.176 258.824 256.432 253.998 251.520 248.997 246.427 243.808 241.141 238.424 235.656 232.838 229.969 227.049 224.080 221.061 217.994 214.881 211.722 208.521 205.278 201.997 198.681 195.332 191.954 188.550 185.123 181.678
346.786 344.682 342.585 340.493 338.408 336.330 334.258 332.194 330.136 328.085 326.042 324.005 321.974 319.950 317.932 315.920 313.913 311.910 309.912 307.916 305.923 303.931 301.939 299.946 297.951 295.953 293.950 291.939 289.921 287.892 285.852 283.797 281.726 279.638 277.529 275.397 273.241 271.057 268.844 266.600 264.322 262.008 259.656 257.264 254.829 252.351 249.828 247.257 244.638 241.970 239.251 236.482 233.661 230.789 227.865 224.891 221.867 218.794 215.673 212.506 209.295 206.042 202.750 199.421 196.058 192.665 189.245 185.801 182.338
348.083 345.962 343.848 341.739 339.638 337.542 335.454 333.373 331.298 329.231 327.171 325.117 323.071 321.031 318.997 316.969 314.947 312.930 310.917 308.907 306.901 304.896 302.892 300.887 298.881 296.872 294.859 292.839 290.812 288.776 286.728 284.667 282.590 280.496 278.383 276.247 274.087 271.901 269.686 267.440 265.161 262.846 260.493 258.100 255.666 253.187 250.663 248.092 245.473 242.804 240.084 237.313 234.490 231.615 228.688 225.709 222.680 219.600 216.472 213.297 210.077 206.814 203.510 200.168 196.792 193.384 189.948 186.488 183.006
349.398 347.260 345.129 343.004 340.885 338.772 336.667 334.569 332.477 330.393 328.316 326.246 324.183 322.126 320.077 318.033 315.995 313.963 311.935 309.912 307.891 305.873 303.856 301.839 299.822 297.802 295.778 293.749 291.713 289.668 287.612 285.544 283.462 281.362 279.244 277.104 274.941 272.752 270.534 268.286 266.006 263.689 261.336 258.943 256.508 254.029 251.505 248.933 246.313 243.643 240.922 238.149 235.324 232.447 229.516 226.533 223.499 220.413 217.278 214.095 210.866 207.593 204.277 200.923 197.533 194.111 190.659 187.181 183.682
350.731 348.577 346.428 344.286 342.150 340.020 337.898 335.782 333.673 331.572 329.478 327.391 325.311 323.238 321.172 319.112 317.058 315.011 312.968 310.929 308.895 306.863 304.833 302.803 300.774 298.742 296.708 294.669 292.623 290.569 288.506 286.431 284.341 282.236 280.112 277.968 275.801 273.609 271.389 269.138 266.856 264.539 262.184 259.790 257.355 254.876 252.351 249.780 247.159 244.488 241.766 238.992 236.165 233.285 230.351 227.364 224.325 221.233 218.092 214.901 211.662 208.379 205.052 201.686 198.282 194.845 191.377 187.883 184.366
352.084 349.912 347.747 345.587 343.434 341.287 339.146 337.013 334.887 332.768 330.656 328.552 326.455 324.365 322.282 320.206 318.137 316.073 314.014 311.961 309.912 307.866 305.822 303.779 301.737 299.694 297.648 295.598 293.543 291.480 289.408 287.325 285.229 283.117 280.988 278.839 276.668 274.472 272.249 269.997 267.712 265.393 263.038 260.643 258.207 255.728 253.203 250.631 248.010 245.339 242.616 239.840 237.011 234.129 231.192 228.201 225.157 222.060 218.912 215.713 212.466 209.172 205.835 202.456 199.039 195.588 192.104 188.593 185.058
353.456 351.267 349.084 346.907 344.736 342.571 340.413 338.262 336.118 333.982 331.852 329.731 327.616 325.509 323.409 321.316 319.230 317.150 315.076 313.007 310.942 308.882 306.824 304.768 302.713 300.657 298.600 296.539 294.473 292.401 290.320 288.229 286.125 284.007 281.872 279.718 277.542 275.342 273.116 270.861 268.575 266.254 263.897 261.502 259.066 256.586 254.061 251.488 248.867 246.195 243.471 240.695 237.864 234.979 232.039 229.045 225.996 222.894 219.739 216.533 213.277 209.974 206.625 203.235 199.804 196.338 192.839 189.311 185.757
354.847 352.641 350.441 348.246 346.057 343.875 341.699 339.530 337.368 335.213 333.066 330.927 328.794 326.670 324.552 322.442 320.339 318.242 316.152 314.067 311.987 309.912 307.839 305.769 303.701 301.633 299.563 297.491 295.414 293.332 291.242 289.142 287.031 284.905 282.764 280.604 278.423 276.220 273.990 271.732 269.443 267.121 264.763 262.367 259.929 257.449 254.924 252.351 249.730 247.057 244.333 241.555 238.723 235.835 232.893 229.895 226.842 223.734 220.573 217.359 214.095 210.783 207.423 204.021 200.577 197.096 193.581 190.036 186.465
356.259 354.035 351.817 349.605 347.398 345.198 343.004 340.816 338.636 336.464 334.298 332.141 329.990 327.848 325.713 323.585 321.465 319.351 317.244 315.143 313.047 310.956 308.868 306.784 304.702 302.620 300.538 298.454 296.366 294.273 292.173 290.065 287.945 285.812 283.664 281.498 279.312 277.104 274.871 272.610 270.318 267.994 265.634 263.237 260.799 258.318 255.793 253.220 250.598 247.925 245.200 242.421 239.587 236.698 233.753 230.751 227.694 224.581 221.414 218.194 214.921 211.599 208.229 204.815 201.358 197.863 194.332 190.771 187.181
357.691 355.450 353.214 350.983 348.759 346.540 344.328 342.122 339.924 337.733 335.549 333.373 331.204 329.043 326.890 324.745 322.607 320.475 318.351 316.233 314.121 312.014 309.912 307.812 305.716 303.620 301.525 299.428 297.329 295.225 293.115 290.997 288.868 286.728 284.573 282.401 280.209 277.996 275.758 273.494 271.200 268.873 266.512 264.113 261.674 259.193 256.667 254.094 251.472 248.798 246.073 243.293 240.458 237.567 234.619 231.615 228.553 225.436 222.263 219.035 215.755 212.423 209.043 205.617 202.147 198.638 195.092 191.513 187.906
359.143 356.885 354.631 352.382 350.139 347.902 345.672 343.448 341.230 339.021 336.818 334.623 332.436 330.257 328.085 325.922 323.766 321.617 319.475 317.340 315.211 313.088 310.969 308.855 306.743 304.634 302.525 300.415 298.304 296.188 294.068 291.939 289.802 287.653 285.490 283.311 281.114 278.896 276.654 274.385 272.088 269.759 267.396 264.996 262.556 260.074 257.547 254.974 252.351 249.678 246.951 244.171 241.335 238.442 235.492 232.485 229.420 226.297 223.118 219.884 216.596 213.255 209.865 206.427 202.945 199.421 195.859 192.264 188.639
360.616 358.340 356.068 353.802 351.540 349.285 347.036 344.793 342.557 340.328 338.107 335.893 333.687 331.489 329.299 327.116 324.942 322.775 320.615 318.463 316.317 314.177 312.042 309.912 307.785 305.661 303.538 301.415 299.290 297.163 295.031 292.893 290.745 288.588 286.417 284.231 282.027 279.803 277.556 275.284 272.983 270.652 268.286 265.885 263.443 260.961 258.433 255.860 253.237 250.563 247.836 245.055 242.218 239.323 236.371 233.361 230.292 227.166 223.981 220.741 217.445 214.095 210.695 207.245 203.750 200.213 196.636 193.024 189.380
362.111 359.817 357.527 355.242 352.962 350.688 348.420 346.159 343.904 341.656 339.415 337.182 334.957 332.740 330.531 328.330 326.136 323.951 321.773 319.602 317.439 315.282 313.130 310.983 308.841 306.701 304.564 302.427 300.290 298.150 296.006 293.857 291.699 289.532 287.353 285.159 282.949 280.719 278.467 276.190 273.886 271.551 269.183 266.780 264.337 261.854 259.326 256.751 254.128 251.454 248.727 245.945 243.107 240.211 237.257 234.244 231.172 228.041 224.852 221.605 218.301 214.943 211.533 208.072 204.564 201.013 197.421 193.792 190.131
363.627 361.315 359.007 356.704 354.406 352.113 349.826 347.545 345.271 343.004 340.744 338.491 336.247 334.010 331.782 329.561 327.349 325.145 322.948 320.759 318.578 316.403 314.234 312.070 309.912 307.756 305.604 303.453 301.302 299.149 296.993 294.832 292.664 290.487 288.299 286.097 283.880 281.643 279.386 277.104 274.796 272.458 270.087 267.682 265.238 262.753 260.224 257.649 255.026 252.351 249.624 246.841 244.002 241.105 238.149 235.134 232.059 228.924 225.729 222.476 219.165 215.799 212.379 208.907 205.387 201.821 198.214 194.569 190.890
365.166 362.836 360.509 358.188 355.870 353.559 351.252 348.952 346.659 344.372 342.093 339.821 337.556 335.300 333.052 330.812 328.580 326.357 324.141 321.934 319.733 317.540 315.354 313.173 310.998 308.826 306.658 304.492 302.327 300.160 297.992 295.819 293.640 291.453 289.255 287.045 284.819 282.576 280.313 278.026 275.713 273.372 270.998 268.590 266.144 263.658 261.129 258.553 255.929 253.255 250.527 247.744 244.904 242.006 239.048 236.031 232.953 229.814 226.614 223.355 220.037 216.663 213.233 209.750 206.218 202.639 199.016 195.355 191.658
366.726 364.378 362.034 359.693 357.357 355.026 352.701 350.381 348.068 345.762 343.463 341.171 338.886 336.610 334.342 332.082 329.831 327.588 325.353 323.126 320.907 318.695 316.491 314.292 312.100 309.912 307.727 305.546 303.366 301.185 299.003 296.818 294.627 292.429 290.222 288.002 285.769 283.518 281.248 278.956 276.638 274.293 271.916 269.505 267.058 264.570 262.040 259.464 256.839 254.164 251.436 248.652 245.812 242.913 239.954 236.934 233.853 230.710 227.506 224.242 220.917 217.534 214.095 210.602 207.058 203.465 199.828 196.150 192.435
368.309 365.943 363.580 361.221 358.866 356.516 354.171 351.832 349.499 347.173 344.854 342.542 340.237 337.941 335.653 333.373 331.101 328.838 326.583 324.337 322.098 319.868 317.645 315.428 313.218 311.012 308.812 306.614 304.418 302.224 300.028 297.829 295.626 293.417 291.199 288.970 286.728 284.470 282.193 279.894 277.572 275.222 272.842 270.428 267.978 265.489 262.957 260.380 257.755 255.080 252.351 249.567 246.726 243.826 240.866 237.845 234.761 231.615 228.406 225.136 221.805 218.414 214.966 211.462 207.906 204.300 200.648 196.953 193.221
369.915 367.531 365.150 362.772 360.398 358.029 355.664 353.306 350.953 348.606 346.267 343.934 341.610 339.293 336.984 334.683 332.391 330.108 327.833 325.567 323.309 321.059 318.816 316.581 314.352 312.130 309.912 307.697 305.486 303.276 301.066 298.854 296.638 294.417 292.188 289.949 287.697 285.431 283.146 280.842 278.513 276.159 273.775 271.358 268.905 266.414 263.881 261.303 258.678 256.002 253.273 250.489 247.647 244.747 241.785 238.762 235.676 232.526 229.314 226.038 222.701 219.302 215.845 212.331 208.763 205.144 201.477 197.767 194.016
371.545 369.142 366.742 364.346 361.953 359.564 357.180 354.802 352.429 350.062 347.702 345.349 343.004 340.666 338.336 336.015 333.702 331.398 329.103 326.816 324.538 322.268 320.006 317.752 315.504 313.263 311.028 308.796 306.569 304.343 302.118 299.891 297.662 295.429 293.188 290.938 288.677 286.402 284.110 281.798 279.464 277.104 274.716 272.295 269.840 267.347 264.812 262.233 259.607 256.930 254.201 251.417 248.575 245.673 242.711 239.686 236.597 233.445 230.228 226.948 223.604 220.199 216.733 213.209 209.629 205.997 202.316 198.589 194.821
373.198 370.777 368.359 365.943 363.531 361.123 358.719 356.321 353.928 351.540 349.160 346.786 344.420 342.061 339.710 337.368 335.034 332.709 330.393 328.085 325.787 323.497 321.215 318.941 316.674 314.414 312.160 309.912 307.667 305.425 303.184 300.943 298.700 296.453 294.200 291.939 289.668 287.383 285.083 282.764 280.423 278.058 275.665 273.241 270.782 268.286 265.750 263.170 260.543 257.866 255.136 252.351 249.509 246.607 243.643 240.617 237.526 234.371 231.151 227.865 224.516 221.103 217.629 214.095 210.504 206.859 203.164 199.421 195.636
374.875 372.436 369.999 367.564 365.133 362.705 360.282 357.863 355.450 353.042 350.641 348.246 345.859 343.479 341.107 338.743 336.388 334.041 331.704 329.375 327.056 324.745 322.442 320.148 317.862 315.583 313.310 311.043 308.781 306.522 304.265 302.009 299.751 297.491 295.225 292.952 290.670 288.376 286.066 283.739 281.392 279.020 276.622 274.194 271.732 269.233 266.695 264.113 261.485 258.807 256.077 253.292 250.450 247.547 244.583 241.555 238.462 235.304 232.081 228.791 225.436 222.016 218.534 214.990 211.388 207.731 204.021 200.262 196.460
376.577 374.119 371.663 369.210 366.759 364.312 361.869 359.430 356.996 354.567 352.145 349.729 347.320 344.919 342.526 340.140 337.763 335.395 333.036 330.686 328.345 326.013 323.690 321.375 319.069 316.770 314.478 312.192 309.912 307.635 305.361 303.089 300.817 298.542 296.263 293.978 291.684 289.379 287.060 284.725 282.370 279.992 277.588 275.155 272.690 270.188 267.647 265.064 262.435 259.756 257.026 254.240 251.397 248.494 245.529 242.500 239.406 236.245 233.018 229.724 226.364 222.938 219.447 215.894 212.282 208.611 204.887 201.113 197.293
378.303 375.827 373.353 370.880 368.410 365.943 363.480 361.020 358.566 356.117 353.673 351.236 348.806 346.383 343.967 341.560 339.161 336.771 334.390 332.018 329.656 327.302 324.957 322.622 320.294 317.975 315.664 313.359 311.059 308.765 306.474 304.185 301.897 299.607 297.314 295.016 292.710 290.394 288.065 285.721 283.358 280.973 278.563 276.125 273.655 271.151 268.607 266.022 263.391 260.712 257.981 255.195 252.351 249.448 246.482 243.452 240.356 237.194 233.963 230.665 227.300 223.867 220.369 216.807 213.184 209.501 205.764 201.974 198.137
380.054 377.560 375.067 372.575 370.086 367.599 365.116 362.636 360.161 357.691 355.226 352.767 350.315 347.870 345.433 343.004 340.583 338.170 335.767 333.373 330.988 328.612 326.246 323.889 321.540 319.200 316.868 314.543 312.225 309.912 307.603 305.297 302.992 300.687 298.379 296.067 293.749 291.421 289.082 286.728 284.356 281.964 279.548 277.104 274.630 272.121 269.575 266.987 264.355 261.674 258.943 256.156 253.312 250.409 247.442 244.411 241.314 238.149 234.916 231.615 228.244 224.806 221.300 217.729 214.095 210.401 206.649 202.845 198.990
381.831 379.318 376.807 374.296 371.787 369.280 366.777 364.277 361.781 359.289 356.803 354.323 351.849 349.382 346.923 344.471 342.027 339.592 337.166 334.749 332.342 329.944 327.555 325.176 322.806 320.445 318.092 315.747 313.408 311.076 308.748 306.424 304.103 301.781 299.459 297.133 294.801 292.461 290.110 287.746 285.365 282.965 280.542 278.092 275.613 273.100 270.550 267.960 265.326 262.644 259.912 257.125 254.281 251.376 248.409 245.378 242.279 239.113 235.877 232.572 229.197 225.752 222.240 218.660 215.016 211.310 207.545 203.725 199.854
383.634 381.103 378.572 376.042 373.514 370.988 368.464 365.943 363.426 360.914 358.406 355.904 353.408 350.919 348.437 345.962 343.496 341.038 338.589 336.149 333.719 331.298 328.887 326.485 324.093 321.710 319.336 316.969 314.611 312.258 309.912 307.569 305.230 302.892 300.553 298.212 295.866 293.513 291.151 288.776 286.385 283.976 281.546 279.089 276.605 274.087 271.534 268.941 266.305 263.622 260.888 258.100 255.256 252.351 249.384 246.352 243.252 240.084 236.846 233.537 230.158 226.708 223.188 219.600 215.946 212.229 208.451 204.616 200.728
385.462 382.913 380.364 377.815 375.267 372.721 370.177 367.635 365.098 362.564 360.034 357.511 354.992 352.481 349.976 347.478 344.989 342.508 340.036 337.573 335.119 332.675 330.241 327.817 325.402 322.996 320.600 318.212 315.832 313.459 311.093 308.731 306.374 304.018 301.663 299.306 296.946 294.579 292.204 289.818 287.417 284.999 282.560 280.097 277.606 275.084 272.526 269.930 267.292 264.607 261.872 259.083 256.238 253.333 250.366 247.333 244.232 241.063 237.822 234.511 231.127 227.672 224.145 220.550 216.886 213.157 209.366 205.516 201.612
387.318 384.750 382.182 379.614 377.047 374.480 371.916 369.354 366.795 364.240 361.689 359.143 356.603 354.068 351.540 349.020 346.507 344.003 341.507 339.021 336.543 334.076 331.618 329.170 326.732 324.304 321.885 319.475 317.074 314.680 312.293 309.912 307.535 305.161 302.788 300.415 298.040 295.659 293.271 290.872 288.460 286.032 283.585 281.114 278.617 276.089 273.527 270.928 268.286 265.599 262.863 260.074 257.228 254.323 251.355 248.321 245.220 242.049 238.807 235.492 232.105 228.644 225.112 221.508 217.835 214.095 210.291 206.427 202.506
389.200 386.614 384.027 381.440 378.853 376.267 373.682 371.100 368.520 365.943 363.370 360.802 358.239 355.682 353.131 350.587 348.051 345.523 343.004 340.493 337.992 335.500 333.019 330.547 328.085 325.634 323.192 320.759 318.336 315.920 313.512 311.110 308.714 306.321 303.931 301.541 299.149 296.753 294.351 291.939 289.516 287.078 284.621 282.142 279.638 277.104 274.537 271.934 269.289 266.600 263.862 261.072 258.226 255.320 252.351 249.317 246.215 243.043 239.799 236.482 233.091 229.626 226.087 222.476 218.794 215.043 211.227 207.348 203.411
391.109 388.505 385.900 383.294 380.687 378.081 375.476 372.873 370.272 367.673 365.079 362.488 359.902 357.322 354.748 352.181 349.621 347.069 344.526 341.991 339.465 336.949 334.443 331.948 329.462 326.986 324.521 322.065 319.619 317.181 314.751 312.328 309.912 307.499 305.090 302.682 300.274 297.862 295.445 293.020 290.585 288.135 285.668 283.181 280.669 278.129 275.557 272.949 270.301 267.609 264.869 262.078 259.230 256.324 253.355 250.321 247.218 244.045 240.799 237.480 234.085 230.616 227.071 223.453 219.762 216.001 212.173 208.280 204.327
