examples/helix/dhm.asc
ncols 751 
nrows 351 
xllcorner -1875.000000 
yllcorner -1750.000000 
cellsize 5.000000 
NODATA_value -9999.000000 
[rows 31 to 61 of 351, columns 345 to 413 of 751]
128.337 126.708 125.090 123.484 121.891 120.310 118.742 117.187 115.645 114.116 112.602 111.101 109.614 108.141 106.682 105.238 103.809 102.394 100.994 99.608 98.238 96.882 95.541 94.215 92.904 91.607 90.326 89.059 87.807 86.570 85.347 84.139 82.945 81.766 80.601 79.450 78.313 77.190 76.081 74.985 73.903 72.834 71.779 70.736 69.707 68.690 67.686 66.694 65.714 64.747 63.792 62.848 61.916 60.995 60.086 59.188 58.301 57.424 56.558 55.703 54.858 54.023 53.198 52.383 51.577 50.781 49.995 49.217 48.449
128.491 126.856 125.232 123.620 122.021 120.434 118.860 117.299 115.751 114.217 112.696 111.190 109.697 108.219 106.755 105.306 103.871 102.451 101.046 99.656 98.280 96.920 95.574 94.244 92.928 91.628 90.342 89.071 87.815 86.574 85.347 84.135 82.938 81.755 80.586 79.432 78.291 77.165 76.053 74.954 73.869 72.797 71.739 70.694 69.662 68.642 67.635 66.641 65.659 64.690 63.732 62.786 61.852 60.929 60.018 59.118 58.229 57.350 56.483 55.625 54.779 53.942 53.115 52.299 51.492 50.694 49.906 49.127 48.358
128.646 127.005 125.375 123.757 122.152 120.559 118.978 117.412 115.858 114.318 112.792 111.280 109.782 108.298 106.829 105.374 103.934 102.509 101.099 99.704 98.324 96.958 95.608 94.273 92.953 91.648 90.358 89.083 87.823 86.577 85.347 84.131 82.930 81.744 80.571 79.414 78.270 77.141 76.025 74.923 73.835 72.760 71.699 70.651 69.616 68.594 67.585 66.588 65.604 64.632 63.672 62.724 61.788 60.863 59.949 59.047 58.156 57.276 56.406 55.548 54.699 53.861 53.033 52.214 51.406 50.607 49.817 49.037 48.266
128.803 127.155 125.519 123.895 122.283 120.684 119.098 117.525 115.966 114.420 112.888 111.370 109.867 108.378 106.903 105.443 103.998 102.568 101.152 99.752 98.367 96.997 95.642 94.302 92.978 91.668 90.374 89.095 87.831 86.581 85.347 84.127 82.923 81.732 80.557 79.395 78.248 77.116 75.997 74.892 73.801 72.723 71.659 70.608 69.571 68.546 67.534 66.535 65.548 64.574 63.612 62.661 61.723 60.796 59.880 58.976 58.083 57.201 56.330 55.469 54.619 53.779 52.949 52.129 51.319 50.519 49.728 48.946 48.174
128.960 127.306 125.664 124.034 122.416 120.811 119.218 117.640 116.074 114.523 112.985 111.461 109.952 108.458 106.978 105.512 104.062 102.626 101.206 99.801 98.411 97.036 95.676 94.332 93.003 91.689 90.390 89.107 87.839 86.585 85.347 84.124 82.915 81.721 80.542 79.377 78.227 77.091 75.969 74.861 73.766 72.686 71.619 70.565 69.525 68.498 67.483 66.481 65.492 64.515 63.551 62.598 61.658 60.729 59.811 58.905 58.010 57.126 56.253 55.391 54.539 53.697 52.866 52.044 51.232 50.431 49.638 48.855 48.081
129.119 127.459 125.810 124.173 122.549 120.938 119.340 117.755 116.183 114.626 113.082 111.553 110.038 108.538 107.053 105.582 104.126 102.686 101.260 99.850 98.455 97.075 95.711 94.362 93.028 91.710 90.407 89.119 87.847 86.589 85.347 84.120 82.907 81.710 80.527 79.359 78.205 77.065 75.940 74.829 73.732 72.648 71.578 70.522 69.479 68.449 67.432 66.428 65.436 64.457 63.490 62.535 61.592 60.661 59.742 58.833 57.936 57.051 56.176 55.311 54.458 53.614 52.781 51.958 51.145 50.342 49.548 48.764 47.988
129.279 127.612 125.957 124.314 122.684 121.066 119.462 117.871 116.293 114.730 113.181 111.646 110.125 108.619 107.128 105.652 104.191 102.745 101.314 99.899 98.499 97.115 95.746 94.392 93.054 91.731 90.423 89.131 87.855 86.593 85.347 84.116 82.900 81.698 80.512 79.340 78.183 77.040 75.912 74.797 73.697 72.610 71.538 70.478 69.432 68.400 67.380 66.373 65.379 64.398 63.428 62.471 61.526 60.593 59.672 58.761 57.862 56.975 56.098 55.232 54.376 53.531 52.697 51.872 51.057 50.253 49.457 48.671 47.895
129.440 127.766 126.105 124.456 122.819 121.195 119.585 117.988 116.404 114.835 113.280 111.739 110.212 108.701 107.204 105.723 104.256 102.805 101.369 99.949 98.544 97.154 95.780 94.422 93.079 91.752 90.440 89.144 87.863 86.597 85.347 84.112 82.892 81.687 80.497 79.322 78.161 77.015 75.883 74.765 73.662 72.572 71.497 70.435 69.386 68.350 67.328 66.319 65.322 64.338 63.367 62.407 61.460 60.525 59.601 58.689 57.788 56.898 56.020 55.152 54.295 53.448 52.612 51.785 50.969 50.163 49.366 48.579 47.801
129.602 127.922 126.254 124.598 122.955 121.325 119.708 118.105 116.516 114.940 113.379 111.832 110.300 108.783 107.281 105.794 104.322 102.865 101.424 99.999 98.589 97.194 95.816 94.452 93.105 91.773 90.457 89.156 87.871 86.601 85.347 84.108 82.884 81.675 80.482 79.303 78.139 76.989 75.854 74.733 73.627 72.534 71.455 70.390 69.339 68.301 67.276 66.264 65.265 64.279 63.305 62.343 61.394 60.456 59.530 58.616 57.713 56.822 55.941 55.072 54.213 53.364 52.526 51.698 50.881 50.073 49.274 48.486 47.707
129.765 128.078 126.404 124.742 123.093 121.456 119.833 118.224 116.628 115.047 113.479 111.927 110.389 108.866 107.358 105.865 104.388 102.926 101.480 100.049 98.634 97.235 95.851 94.483 93.131 91.795 90.474 89.169 87.879 86.605 85.347 84.104 82.876 81.664 80.466 79.284 78.116 76.963 75.825 74.701 73.591 72.496 71.414 70.346 69.292 68.251 67.223 66.209 65.207 64.219 63.242 62.278 61.327 60.387 59.459 58.543 57.638 56.745 55.862 54.991 54.130 53.280 52.440 51.611 50.792 49.982 49.182 48.392 47.612
129.929 128.236 126.555 124.887 123.231 121.588 119.959 118.343 116.741 115.154 113.580 112.022 110.478 108.949 107.436 105.938 104.455 102.987 101.536 100.100 98.680 97.275 95.887 94.514 93.157 91.816 90.491 89.181 87.888 86.610 85.347 84.100 82.868 81.652 80.451 79.265 78.094 76.937 75.796 74.668 73.556 72.457 71.372 70.301 69.244 68.201 67.171 66.154 65.149 64.158 63.180 62.213 61.259 60.318 59.388 58.469 57.562 56.667 55.783 54.910 54.047 53.195 52.354 51.523 50.702 49.891 49.090 48.298 47.516
130.095 128.395 126.708 125.032 123.370 121.721 120.085 118.463 116.855 115.261 113.682 112.118 110.568 109.033 107.514 106.010 104.522 103.049 101.592 100.151 98.725 97.316 95.922 94.545 93.183 91.838 90.508 89.194 87.896 86.614 85.347 84.096 82.860 81.640 80.435 79.246 78.071 76.911 75.766 74.636 73.520 72.418 71.330 70.257 69.197 68.150 67.117 66.098 65.091 64.097 63.116 62.148 61.192 60.248 59.316 58.395 57.486 56.589 55.703 54.828 53.964 53.110 52.267 51.434 50.612 49.799 48.997 48.204 47.421
130.262 128.555 126.861 125.179 123.510 121.855 120.213 118.584 116.970 115.370 113.785 112.214 110.658 109.118 107.593 106.083 104.589 103.111 101.649 100.202 98.772 97.357 95.959 94.576 93.210 91.859 90.525 89.207 87.904 86.618 85.347 84.092 82.852 81.628 80.420 79.226 78.048 76.885 75.736 74.603 73.484 72.379 71.288 70.211 69.149 68.100 67.064 66.042 65.033 64.036 63.053 62.082 61.124 60.177 59.243 58.321 57.410 56.511 55.623 54.746 53.880 53.025 52.180 51.346 50.521 49.707 48.903 48.109 47.324
130.429 128.716 127.016 125.327 123.652 121.990 120.341 118.706 117.086 115.479 113.888 112.311 110.749 109.203 107.672 106.157 104.657 103.174 101.706 100.254 98.818 97.398 95.995 94.608 93.236 91.881 90.542 89.220 87.913 86.622 85.347 84.088 82.844 81.617 80.404 79.207 78.025 76.858 75.707 74.570 73.447 72.339 71.246 70.166 69.100 68.048 67.010 65.985 64.974 63.975 62.989 62.016 61.055 60.107 59.170 58.246 57.333 56.432 55.542 54.663 53.795 52.938 52.092 51.256 50.431 49.615 48.809 48.014 47.227
130.599 128.879 127.171 125.476 123.794 122.125 120.470 118.829 117.202 115.589 113.992 112.409 110.841 109.289 107.752 106.231 104.726 103.236 101.763 100.306 98.865 97.440 96.032 94.639 93.263 91.903 90.560 89.233 87.921 86.626 85.347 84.084 82.836 81.605 80.388 79.188 78.002 76.832 75.677 74.536 73.411 72.300 71.203 70.120 69.052 67.997 66.956 65.929 64.914 63.913 62.925 61.949 60.986 60.036 59.097 58.171 57.256 56.353 55.461 54.580 53.711 52.852 52.004 51.166 50.339 49.522 48.715 47.918 47.130
130.769 129.042 127.328 125.626 123.937 122.262 120.600 118.953 117.319 115.700 114.096 112.507 110.934 109.375 107.833 106.306 104.795 103.300 101.821 100.358 98.912 97.482 96.068 94.671 93.290 91.926 90.578 89.246 87.930 86.630 85.347 84.080 82.828 81.592 80.372 79.168 77.979 76.805 75.646 74.503 73.374 72.260 71.160 70.074 69.003 67.945 66.902 65.871 64.855 63.851 62.860 61.882 60.917 59.964 59.024 58.095 57.178 56.273 55.379 54.497 53.625 52.765 51.915 51.076 50.247 49.429 48.620 47.821 47.032
130.941 129.207 127.486 125.777 124.082 122.400 120.731 119.077 117.437 115.812 114.202 112.607 111.027 109.462 107.914 106.381 104.864 103.364 101.879 100.411 98.960 97.524 96.106 94.703 93.317 91.948 90.595 89.259 87.939 86.635 85.347 84.075 82.820 81.580 80.356 79.148 77.955 76.778 75.616 74.469 73.337 72.219 71.117 70.028 68.954 67.893 66.847 65.814 64.795 63.789 62.795 61.815 60.848 59.892 58.950 58.019 57.100 56.193 55.297 54.413 53.540 52.678 51.826 50.985 50.155 49.335 48.525 47.724 46.934
131.113 129.373 127.645 125.929 124.227 122.538 120.864 119.203 117.556 115.925 114.308 112.706 111.120 109.550 107.995 106.457 104.934 103.428 101.938 100.464 99.007 97.567 96.143 94.736 93.345 91.971 90.613 89.272 87.947 86.639 85.347 84.071 82.812 81.568 80.340 79.128 77.932 76.751 75.585 74.435 73.300 72.179 71.073 69.981 68.904 67.841 66.792 65.756 64.734 63.726 62.730 61.747 60.778 59.820 58.875 57.942 57.022 56.112 55.215 54.329 53.454 52.590 51.737 50.894 50.062 49.240 48.429 47.627 46.835
131.288 129.540 127.805 126.083 124.374 122.678 120.997 119.329 117.676 116.038 114.415 112.807 111.215 109.638 108.078 106.533 105.005 103.493 101.997 100.518 99.055 97.610 96.181 94.768 93.372 91.993 90.631 89.285 87.956 86.643 85.347 84.067 82.803 81.556 80.324 79.108 77.908 76.724 75.555 74.401 73.262 72.138 71.029 69.935 68.854 67.788 66.736 65.698 64.674 63.662 62.664 61.679 60.707 59.748 58.800 57.865 56.943 56.031 55.132 54.244 53.367 52.501 51.646 50.802 49.969 49.145 48.332 47.529 46.736
131.463 129.709 127.966 126.237 124.521 122.819 121.131 119.456 117.797 116.152 114.523 112.908 111.310 109.727 108.160 106.610 105.076 103.558 102.057 100.572 99.104 97.653 96.218 94.801 93.400 92.016 90.649 89.299 87.965 86.648 85.347 84.063 82.795 81.543 80.308 79.088 77.884 76.696 75.524 74.366 73.224 72.097 70.985 69.888 68.804 67.736 66.681 65.640 64.613 63.599 62.598 61.611 60.636 59.675 58.725 57.788 56.863 55.950 55.049 54.159 53.280 52.412 51.556 50.710 49.875 49.050 48.235 47.431 46.636
131.640 129.878 128.129 126.393 124.670 122.961 121.266 119.585 117.918 116.267 114.631 113.011 111.406 109.817 108.244 106.687 105.147 103.623 102.116 100.626 99.153 97.696 96.257 94.834 93.428 92.039 90.667 89.312 87.974 86.652 85.347 84.059 82.787 81.531 80.291 79.068 77.860 76.669 75.493 74.332 73.186 72.056 70.941 69.840 68.754 67.682 66.625 65.581 64.551 63.535 62.532 61.542 60.565 59.601 58.650 57.710 56.783 55.868 54.965 54.073 53.192 52.323 51.465 50.617 49.781 48.954 48.138 47.332 46.536
131.818 130.049 128.293 126.550 124.820 123.104 121.402 119.714 118.041 116.383 114.740 113.113 111.502 109.907 108.328 106.765 105.219 103.690 102.177 100.681 99.202 97.740 96.295 94.867 93.456 92.062 90.685 89.326 87.983 86.656 85.347 84.054 82.778 81.518 80.275 79.048 77.836 76.641 75.461 74.297 73.148 72.015 70.896 69.792 68.703 67.629 66.568 65.522 64.489 63.471 62.465 61.473 60.494 59.527 58.573 57.632 56.703 55.786 54.880 53.987 53.104 52.233 51.373 50.524 49.686 48.858 48.040 47.233 46.435
131.997 130.221 128.458 126.708 124.971 123.248 121.539 119.844 118.164 116.500 114.851 113.217 111.599 109.998 108.413 106.844 105.292 103.756 102.238 100.736 99.251 97.784 96.334 94.901 93.485 92.086 90.704 89.339 87.992 86.661 85.347 84.050 82.770 81.506 80.258 79.027 77.812 76.613 75.430 74.262 73.110 71.973 70.851 69.745 68.652 67.575 66.512 65.462 64.427 63.406 62.398 61.403 60.422 59.453 58.497 57.553 56.622 55.703 54.796 53.900 53.016 52.143 51.281 50.431 49.590 48.761 47.942 47.133 46.334
132.178 130.395 128.624 126.867 125.123 123.393 121.677 119.975 118.289 116.617 114.962 113.321 111.697 110.089 108.498 106.923 105.365 103.823 102.299 100.792 99.301 97.828 96.373 94.934 93.513 92.109 90.722 89.353 88.001 86.665 85.347 84.046 82.761 81.493 80.241 79.006 77.788 76.585 75.398 74.227 73.071 71.931 70.806 69.696 68.601 67.521 66.455 65.403 64.365 63.341 62.330 61.333 60.349 59.378 58.420 57.474 56.541 55.620 54.710 53.813 52.927 52.052 51.189 50.336 49.495 48.663 47.843 47.032 46.232
132.360 130.569 128.792 127.027 125.276 123.539 121.816 120.107 118.414 116.736 115.073 113.427 111.796 110.182 108.584 107.003 105.438 103.891 102.361 100.847 99.352 97.873 96.412 94.968 93.542 92.133 90.741 89.367 88.010 86.670 85.347 84.041 82.752 81.480 80.225 78.986 77.763 76.556 75.366 74.191 73.032 71.889 70.761 69.648 68.550 67.466 66.397 65.342 64.302 63.275 62.262 61.263 60.276 59.303 58.343 57.395 56.459 55.536 54.625 53.725 52.838 51.961 51.096 50.242 49.398 48.566 47.743 46.931 46.130
132.543 130.745 128.960 127.189 125.430 123.686 121.956 120.240 118.540 116.855 115.186 113.532 111.895 110.274 108.670 107.083 105.512 103.959 102.423 100.904 99.402 97.918 96.451 95.002 93.571 92.157 90.760 89.381 88.019 86.674 85.347 84.037 82.744 81.467 80.208 78.965 77.738 76.528 75.334 74.156 72.993 71.846 70.715 69.599 68.498 67.411 66.339 65.282 64.239 63.209 62.194 61.192 60.203 59.227 58.265 57.315 56.377 55.452 54.539 53.637 52.748 51.869 51.002 50.146 49.301 48.467 47.643 46.830 46.027
132.728 130.923 129.130 127.351 125.586 123.834 122.097 120.375 118.667 116.975 115.299 113.639 111.995 110.368 108.757 107.164 105.587 104.027 102.485 100.960 99.453 97.963 96.491 95.037 93.600 92.181 90.779 89.395 88.028 86.679 85.347 84.032 82.735 81.454 80.191 78.944 77.713 76.499 75.301 74.120 72.954 71.804 70.669 69.550 68.445 67.356 66.281 65.221 64.175 63.143 62.125 61.120 60.129 59.151 58.186 57.234 56.295 55.367 54.452 53.549 52.657 51.777 50.908 50.051 49.204 48.368 47.543 46.728 45.923
132.914 131.101 129.302 127.515 125.742 123.984 122.239 120.510 118.795 117.097 115.414 113.747 112.096 110.462 108.845 107.245 105.662 104.096 102.548 101.018 99.504 98.009 96.531 95.071 93.629 92.205 90.798 89.409 88.037 86.684 85.347 84.028 82.726 81.441 80.173 78.922 77.688 76.470 75.269 74.083 72.914 71.761 70.623 69.500 68.393 67.300 66.223 65.160 64.111 63.076 62.056 61.049 60.055 59.075 58.108 57.153 56.211 55.282 54.365 53.460 52.566 51.684 50.814 49.955 49.106 48.269 47.442 46.625 45.819
133.101 131.282 129.474 127.680 125.900 124.134 122.382 120.646 118.924 117.219 115.529 113.855 112.198 110.557 108.934 107.327 105.738 104.166 102.612 101.075 99.556 98.055 96.572 95.106 93.659 92.229 90.817 89.423 88.047 86.688 85.347 84.023 82.717 81.428 80.156 78.901 77.663 76.441 75.236 74.047 72.874 71.717 70.576 69.450 68.340 67.244 66.164 65.098 64.047 63.009 61.986 60.977 59.981 58.998 58.028 57.072 56.128 55.196 54.277 53.370 52.475 51.591 50.719 49.858 49.008 48.169 47.340 46.522 45.715
133.290 131.463 129.648 127.847 126.059 124.286 122.527 120.783 119.054 117.342 115.645 113.964 112.300 110.653 109.023 107.410 105.814 104.236 102.676 101.133 99.608 98.101 96.612 95.141 93.689 92.254 90.837 89.437 88.056 86.693 85.347 84.019 82.708 81.415 80.139 78.880 77.637 76.412 75.203 74.010 72.834 71.674 70.529 69.400 68.287 67.188 66.105 65.036 63.982 62.942 61.916 60.904 59.906 58.921 57.949 56.990 56.044 55.110 54.189 53.280 52.383 51.497 50.623 49.760 48.909 48.068 47.238 46.419 45.610
133.481 131.646 129.823 128.015 126.219 124.439 122.672 120.921 119.186 117.466 115.762 114.074 112.403 110.749 109.113 107.493 105.891 104.307 102.740 101.191 99.661 98.148 96.653 95.177 93.719 92.278 90.856 89.452 88.066 86.697 85.347 84.014 82.699 81.401 80.121 78.858 77.612 76.382 75.170 73.974 72.794 71.630 70.482 69.350 68.233 67.132 66.045 64.974 63.917 62.874 61.846 60.831 59.830 58.843 57.869 56.908 55.959 55.024 54.100 53.189 52.290 51.403 50.527 49.663 48.809 47.967 47.136 46.315 45.504
