examples/helix/dhm.asc
ncols 751 
nrows 351 
xllcorner -1875.000000 
yllcorner -1750.000000 
cellsize 5.000000 
NODATA_value -9999.000000 
[rows 310 to 340 of 351, columns 345 to 413 of 751]
395.012 386.291 377.560 368.842 360.161 351.540 343.004 334.569 326.246 318.033 309.912 301.839 293.749 285.544 277.104 268.286 258.943 248.933 238.149 226.533 214.095 200.923 187.181 173.096 158.934 144.970 131.463 118.625 106.610 95.508 85.347 76.108 67.736 60.154 53.280 47.032 41.337 36.131 31.363 26.991 22.982 19.311 15.958 12.905 10.138 7.645 5.413 3.431 1.689 0.174 -1.123 -2.215 -3.111 -3.822 -4.359 -4.733 -4.952 -5.028 -5.028 -5.028 -5.028 -5.028 -5.028 -5.028 -5.028 -5.028 -5.028 -5.028 -5.028
401.701 392.778 383.828 374.875 365.943 357.058 348.246 339.530 330.927 322.442 314.067 305.769 297.491 289.142 280.604 271.732 262.367 252.351 241.555 229.895 217.359 204.021 190.036 175.638 161.106 146.740 132.821 119.585 107.204 95.780 85.347 75.883 67.328 59.601 52.612 46.273 40.506 35.245 30.435 26.035 22.010 18.334 14.987 11.951 9.212 6.756 4.570 2.643 0.962 -0.484 -1.708 -2.721 -3.534 -4.159 -4.608 -4.890 -5.018 -5.028 -5.028 -5.028 -5.028 -5.028 -5.028 -5.028 -5.028 -5.028 -5.028 -5.028 -5.028
408.714 399.591 390.424 381.236 372.051 362.897 353.802 344.793 335.893 327.116 318.463 309.912 301.415 292.893 284.231 275.284 265.885 255.860 245.055 233.361 220.741 207.245 193.024 178.309 163.398 148.611 134.257 120.600 107.833 96.068 85.347 75.646 66.902 59.024 51.915 45.483 39.643 34.326 29.476 25.048 21.009 17.332 13.995 10.982 8.275 5.862 3.728 1.861 0.248 -1.123 -2.267 -3.194 -3.918 -4.451 -4.805 -4.991 -5.028 -5.028 -5.028 -5.028 -5.028 -5.028 -5.028 -5.028 -5.028 -5.028 -5.028 -5.028 -5.028
416.065 406.746 397.364 387.942 378.504 369.077 359.693 350.381 341.171 332.082 323.126 314.292 305.546 296.818 288.002 278.956 269.505 259.464 248.652 236.934 224.242 210.602 196.150 181.118 165.816 150.590 135.780 121.677 108.498 96.373 85.347 75.398 66.455 58.420 51.189 44.661 38.747 33.374 28.484 24.031 19.981 16.305 12.983 9.996 7.328 4.964 2.889 1.089 -0.448 -1.738 -2.794 -3.629 -4.257 -4.691 -4.944 -5.028 -5.028 -5.028 -5.028 -5.028 -5.028 -5.028 -5.028 -5.028 -5.028 -5.028 -5.028 -5.028 -5.028
423.770 414.259 404.666 395.012 385.321 375.621 365.943 356.321 346.786 337.368 328.085 318.941 309.912 300.943 291.939 282.764 273.241 263.170 252.351 240.617 227.865 214.095 199.421 184.072 168.370 152.687 137.395 122.819 109.203 96.695 85.347 75.136 65.985 57.788 50.431 43.804 37.816 32.387 27.458 22.982 18.923 15.254 11.951 8.997 6.373 4.065 2.056 0.331 -1.123 -2.324 -3.284 -4.020 -4.545 -4.873 -5.018 -5.028 -5.028 -5.028 -5.028 -5.028 -5.028 -5.028 -5.028 -5.028 -5.028 -5.028 -5.028 -5.028 -5.028
431.910 422.146 412.346 402.464 392.522 382.549 372.575 362.636 352.767 343.004 333.373 323.889 314.543 305.297 296.067 286.728 277.104 266.987 256.156 244.411 231.615 217.729 202.845 187.181 171.071 154.912 139.112 124.034 109.952 97.036 85.347 74.861 65.492 57.126 49.638 42.912 36.847 31.363 26.397 21.900 17.836 14.177 10.900 7.985 5.413 3.168 1.233 -0.408 -1.772 -2.874 -3.731 -4.359 -4.773 -4.988 -5.028 -5.028 -5.028 -5.028 -5.028 -5.028 -5.028 -5.028 -5.028 -5.028 -5.028 -5.028 -5.028 -5.028 -5.028
440.606 430.451 420.424 410.318 400.129 389.884 379.614 369.354 359.143 349.020 339.021 329.170 319.475 309.912 300.415 290.872 281.114 270.928 260.074 248.321 235.492 221.508 206.427 190.455 173.930 157.275 140.940 125.327 110.749 97.398 85.347 74.570 64.974 56.432 48.809 41.981 35.839 30.300 25.298 20.783 16.719 13.076 9.831 6.962 4.450 2.277 0.425 -1.123 -2.387 -3.382 -4.128 -4.639 -4.934 -5.028 -5.028 -5.028 -5.028 -5.028 -5.028 -5.028 -5.028 -5.028 -5.028 -5.028 -5.028 -5.028 -5.028 -5.028 -5.028
449.726 439.382 428.918 418.593 408.162 397.649 387.084 376.502 365.943 355.450 345.064 334.823 324.745 314.825 305.017 295.225 285.293 275.007 264.113 252.351 239.500 225.436 210.175 193.902 176.957 159.789 142.889 126.708 111.599 97.784 85.347 74.262 64.427 55.703 47.942 41.008 34.789 29.196 24.160 19.632 15.572 11.951 8.745 5.931 3.488 1.397 -0.362 -1.809 -2.962 -3.841 -4.464 -4.851 -5.018 -5.028 -5.028 -5.028 -5.028 -5.028 -5.028 -5.028 -5.028 -5.028 -5.028 -5.028 -5.028 -5.028 -5.028 -5.028 -5.028
459.303 448.762 438.079 427.312 416.645 405.869 395.012 384.108 373.198 362.326 351.540 340.885 330.393 320.077 309.912 299.822 289.668 279.244 268.286 256.508 243.643 229.516 214.095 197.533 180.166 162.466 144.970 128.184 112.507 98.195 85.347 73.936 63.851 54.937 47.032 39.992 33.695 28.049 22.982 18.444 14.395 10.804 7.645 4.895 2.531 0.532 -1.123 -2.457 -3.489 -4.241 -4.733 -4.984 -5.028 -5.028 -5.028 -5.028 -5.028 -5.028 -5.028 -5.028 -5.028 -5.028 -5.028 -5.028 -5.028 -5.028 -5.028 -5.028 -5.028
469.369 458.627 447.735 436.690 425.600 414.567 403.423 392.201 380.939 369.685 358.487 347.398 336.464 325.713 315.143 304.702 294.273 283.664 272.610 260.799 247.925 233.753 218.194 201.358 183.569 165.321 147.198 129.765 113.479 98.634 85.347 73.591 63.242 54.130 46.078 38.929 32.554 26.856 21.762 17.219 13.187 9.634 6.533 3.858 1.584 -0.311 -1.850 -3.059 -3.958 -4.572 -4.921 -5.028 -5.028 -5.028 -5.028 -5.028 -5.028 -5.028 -5.028 -5.028 -5.028 -5.028 -5.028 -5.028 -5.028 -5.028 -5.028 -5.028 -5.028
479.963 469.013 457.905 446.637 435.206 423.770 412.346 400.810 389.200 377.560 365.943 354.406 343.004 331.782 320.759 309.912 299.149 288.299 277.104 265.238 252.351 238.149 222.476 205.387 187.181 168.370 149.586 131.463 114.523 99.104 85.347 73.224 62.598 53.280 45.076 37.816 31.363 25.616 20.499 15.958 11.951 8.446 5.413 2.824 0.654 -1.123 -2.535 -3.605 -4.359 -4.822 -5.018 -5.028 -5.028 -5.028 -5.028 -5.028 -5.028 -5.028 -5.028 -5.028 -5.028 -5.028 -5.028 -5.028 -5.028 -5.028 -5.028 -5.028 -5.028
491.126 479.963 468.633 457.133 445.462 433.616 421.810 409.967 398.013 385.990 373.950 361.953 350.062 338.336 326.816 315.504 304.343 293.188 281.798 269.840 256.930 242.711 226.948 209.629 191.017 171.630 152.151 133.290 115.645 99.608 85.347 72.834 61.916 52.383 44.022 36.649 30.119 24.325 19.190 14.659 10.688 7.242 4.289 1.801 -0.251 -1.898 -3.166 -4.084 -4.679 -4.979 -5.028 -5.028 -5.028 -5.028 -5.028 -5.028 -5.028 -5.028 -5.028 -5.028 -5.028 -5.028 -5.028 -5.028 -5.028 -5.028 -5.028 -5.028 -5.028
502.903 491.521 479.963 468.225 456.306 444.201 431.910 419.705 407.414 395.012 382.549 370.086 357.691 345.433 333.373 321.540 309.912 298.379 286.728 274.630 261.674 247.442 231.615 214.095 195.092 175.120 154.912 135.262 116.855 100.151 85.347 72.418 61.192 51.434 42.912 35.425 28.818 22.982 17.836 13.323 9.398 6.025 3.168 0.796 -1.123 -2.622 -3.731 -4.482 -4.905 -5.028 -5.028 -5.028 -5.028 -5.028 -5.028 -5.028 -5.028 -5.028 -5.028 -5.028 -5.028 -5.028 -5.028 -5.028 -5.028 -5.028 -5.028 -5.028 -5.028
515.341 503.739 491.946 479.963 467.787 455.415 442.845 430.073 417.439 404.666 391.784 378.853 365.943 353.131 340.493 328.085 315.920 303.931 291.939 279.638 266.600 252.351 236.482 218.794 199.421 178.860 157.889 137.395 118.164 100.736 85.347 71.973 60.422 50.431 41.742 34.139 27.458 21.584 16.435 11.951 8.086 4.800 2.056 -0.183 -1.951 -3.284 -4.218 -4.785 -5.018 -5.028 -5.028 -5.028 -5.028 -5.028 -5.028 -5.028 -5.028 -5.028 -5.028 -5.028 -5.028 -5.028 -5.028 -5.028 -5.028 -5.028 -5.028 -5.028 -5.028
528.490 516.668 504.638 492.403 479.963 467.315 454.455 441.381 428.128 414.994 401.701 388.305 374.875 361.493 348.246 335.213 322.442 309.912 297.491 284.905 271.732 257.449 241.555 223.734 204.021 182.872 161.106 139.708 119.585 101.369 85.347 71.497 59.601 49.366 40.506 32.786 26.035 20.130 14.987 10.546 6.756 3.575 0.962 -1.123 -2.721 -3.869 -4.608 -4.973 -5.028 -5.028 -5.028 -5.028 -5.028 -5.028 -5.028 -5.028 -5.028 -5.028 -5.028 -5.028 -5.028 -5.028 -5.028 -5.028 -5.028 -5.028 -5.028 -5.028 -5.028
542.396 530.362 518.098 505.608 492.896 479.963 466.804 453.418 439.798 426.039 412.346 398.493 384.545 370.584 356.704 343.004 329.561 316.403 303.453 290.487 277.104 262.753 246.841 228.924 208.907 187.181 164.590 142.225 121.131 102.057 85.347 70.985 58.725 48.235 39.199 31.363 24.544 18.616 13.492 9.109 5.413 2.358 -0.102 -2.012 -3.417 -4.359 -4.882 -5.028 -5.028 -5.028 -5.028 -5.028 -5.028 -5.028 -5.028 -5.028 -5.028 -5.028 -5.028 -5.028 -5.028 -5.028 -5.028 -5.028 -5.028 -5.028 -5.028 -5.028 -5.028
557.099 544.873 532.384 519.643 506.657 493.430 479.963 466.251 452.291 438.079 423.770 409.471 395.012 380.470 365.943 351.540 337.368 323.497 309.912 296.453 282.764 268.286 252.351 234.371 214.095 191.812 168.370 144.970 122.819 102.805 85.347 70.435 57.788 47.032 37.816 29.863 22.982 17.041 11.951 7.645 4.065 1.159 -1.123 -2.833 -4.020 -4.733 -5.018 -5.028 -5.028 -5.028 -5.028 -5.028 -5.028 -5.028 -5.028 -5.028 -5.028 -5.028 -5.028 -5.028 -5.028 -5.028 -5.028 -5.028 -5.028 -5.028 -5.028 -5.028 -5.028
572.627 560.243 547.554 534.575 521.319 507.796 494.010 479.963 465.649 451.066 436.206 421.298 406.339 391.223 376.042 360.914 345.962 331.298 316.969 302.892 288.776 274.087 258.100 240.084 219.600 196.792 172.480 147.975 124.670 103.623 85.347 69.840 56.783 45.750 36.348 28.282 21.346 15.406 10.368 6.160 2.722 -0.007 -2.084 -3.565 -4.507 -4.964 -5.028 -5.028 -5.028 -5.028 -5.028 -5.028 -5.028 -5.028 -5.028 -5.028 -5.028 -5.028 -5.028 -5.028 -5.028 -5.028 -5.028 -5.028 -5.028 -5.028 -5.028 -5.028 -5.028
588.988 576.501 563.652 550.464 536.955 523.142 509.036 494.643 479.963 464.992 449.726 434.159 418.593 402.914 387.084 371.217 355.450 339.924 324.745 309.912 295.225 280.209 264.113 246.073 225.436 202.147 176.957 151.275 126.708 104.522 85.347 69.197 55.703 44.379 34.789 26.612 19.632 13.708 8.745 4.664 1.397 -1.123 -2.962 -4.183 -4.851 -5.028 -5.028 -5.028 -5.028 -5.028 -5.028 -5.028 -5.028 -5.028 -5.028 -5.028 -5.028 -5.028 -5.028 -5.028 -5.028 -5.028 -5.028 -5.028 -5.028 -5.028 -5.028 -5.028 -5.028
606.158 593.646 580.704 567.359 553.633 539.552 525.134 510.392 495.335 479.963 464.272 448.257 431.910 415.623 399.155 382.549 365.943 349.499 333.373 317.645 302.224 286.728 270.428 252.351 231.615 207.906 181.842 154.912 128.960 105.512 85.347 68.498 54.539 42.912 33.131 24.848 17.836 11.951 7.090 3.168 0.107 -2.167 -3.731 -4.658 -5.018 -5.028 -5.028 -5.028 -5.028 -5.028 -5.028 -5.028 -5.028 -5.028 -5.028 -5.028 -5.028 -5.028 -5.028 -5.028 -5.028 -5.028 -5.028 -5.028 -5.028 -5.028 -5.028 -5.028 -5.028
624.073 611.643 598.704 585.281 571.403 557.099 542.396 527.317 511.881 496.095 479.963 463.479 446.637 429.431 412.346 395.012 377.560 360.161 343.004 326.246 309.912 293.749 277.104 258.943 238.149 214.095 187.181 158.934 131.463 106.610 85.347 67.736 53.280 41.337 31.363 22.982 15.958 10.138 5.413 1.689 -1.123 -3.111 -4.359 -4.952 -5.028 -5.028 -5.028 -5.028 -5.028 -5.028 -5.028 -5.028 -5.028 -5.028 -5.028 -5.028 -5.028 -5.028 -5.028 -5.028 -5.028 -5.028 -5.028 -5.028 -5.028 -5.028 -5.028 -5.028 -5.028
642.619 630.404 617.595 604.212 590.281 575.833 560.903 545.523 529.722 513.522 496.934 479.963 462.602 444.843 426.754 408.714 390.424 372.051 353.802 335.893 318.463 301.415 284.231 265.885 245.055 220.741 193.024 163.398 134.257 107.833 85.347 66.902 51.915 39.643 29.476 21.009 13.995 8.275 3.728 0.248 -2.267 -3.918 -4.805 -5.028 -5.028 -5.028 -5.028 -5.028 -5.028 -5.028 -5.028 -5.028 -5.028 -5.028 -5.028 -5.028 -5.028 -5.028 -5.028 -5.028 -5.028 -5.028 -5.028 -5.028 -5.028 -5.028 -5.028 -5.028 -5.028
661.630 649.786 637.265 624.073 610.230 595.762 580.704 565.097 548.978 532.384 515.341 497.866 479.963 461.626 442.845 423.770 404.666 385.321 365.943 346.786 328.085 309.912 291.939 273.241 252.351 227.865 199.421 168.370 137.395 109.203 85.347 65.985 50.431 37.816 27.458 18.923 11.951 6.373 2.056 -1.123 -3.284 -4.545 -5.018 -5.028 -5.028 -5.028 -5.028 -5.028 -5.028 -5.028 -5.028 -5.028 -5.028 -5.028 -5.028 -5.028 -5.028 -5.028 -5.028 -5.028 -5.028 -5.028 -5.028 -5.028 -5.028 -5.028 -5.028 -5.028 -5.028
680.893 669.584 657.527 644.712 631.139 616.824 601.793 586.084 569.742 552.815 535.346 517.369 498.906 479.963 460.533 440.606 420.424 400.129 379.614 359.143 339.021 319.475 300.415 281.114 260.074 235.492 206.427 173.930 140.940 110.749 85.347 64.974 48.809 35.839 25.298 16.719 9.831 4.450 0.425 -2.387 -4.128 -4.934 -5.028 -5.028 -5.028 -5.028 -5.028 -5.028 -5.028 -5.028 -5.028 -5.028 -5.028 -5.028 -5.028 -5.028 -5.028 -5.028 -5.028 -5.028 -5.028 -5.028 -5.028 -5.028 -5.028 -5.028 -5.028 -5.028 -5.028
700.170 689.547 678.135 665.897 652.810 638.867 624.073 608.455 592.051 574.914 557.099 538.661 519.643 500.074 479.963 459.303 438.079 416.645 395.012 373.198 351.540 330.393 309.912 289.668 268.286 243.643 214.095 180.166 144.970 112.507 85.347 63.851 47.032 33.695 22.982 14.395 7.645 2.531 -1.123 -3.489 -4.733 -5.028 -5.028 -5.028 -5.028 -5.028 -5.028 -5.028 -5.028 -5.028 -5.028 -5.028 -5.028 -5.028 -5.028 -5.028 -5.028 -5.028 -5.028 -5.028 -5.028 -5.028 -5.028 -5.028 -5.028 -5.028 -5.028 -5.028 -5.028
719.228 709.410 698.798 687.329 674.953 661.630 647.336 632.068 615.844 598.704 580.704 561.913 542.396 522.211 501.395 479.963 457.905 435.206 412.346 389.200 365.943 343.004 320.759 299.149 277.104 252.351 222.476 187.181 149.586 114.523 85.347 62.598 45.076 31.363 20.499 11.951 5.413 0.654 -2.535 -4.359 -5.018 -5.028 -5.028 -5.028 -5.028 -5.028 -5.028 -5.028 -5.028 -5.028 -5.028 -5.028 -5.028 -5.028 -5.028 -5.028 -5.028 -5.028 -5.028 -5.028 -5.028 -5.028 -5.028 -5.028 -5.028 -5.028 -5.028 -5.028 -5.028
737.887 728.937 719.228 708.679 697.213 684.755 671.245 656.637 640.911 624.073 606.158 587.227 567.359 546.636 525.134 502.903 479.963 456.306 431.910 407.414 382.549 357.691 333.373 309.912 286.728 261.674 231.615 195.092 154.912 116.855 85.347 61.192 42.912 28.818 17.836 9.398 3.168 -1.123 -3.731 -4.905 -5.028 -5.028 -5.028 -5.028 -5.028 -5.028 -5.028 -5.028 -5.028 -5.028 -5.028 -5.028 -5.028 -5.028 -5.028 -5.028 -5.028 -5.028 -5.028 -5.028 -5.028 -5.028 -5.028 -5.028 -5.028 -5.028 -5.028 -5.028 -5.028
756.073 747.979 739.202 729.651 719.228 707.831 695.363 681.733 666.868 650.721 633.276 614.557 594.624 573.567 551.490 528.490 504.638 479.963 454.455 428.128 401.701 374.875 348.246 322.442 297.491 271.732 241.555 204.021 161.106 119.585 85.347 59.601 40.506 26.035 14.987 6.756 0.962 -2.721 -4.608 -5.028 -5.028 -5.028 -5.028 -5.028 -5.028 -5.028 -5.028 -5.028 -5.028 -5.028 -5.028 -5.028 -5.028 -5.028 -5.028 -5.028 -5.028 -5.028 -5.028 -5.028 -5.028 -5.028 -5.028 -5.028 -5.028 -5.028 -5.028 -5.028 -5.028
773.851 766.533 758.634 750.063 740.716 730.479 719.228 706.834 693.174 678.135 661.630 643.610 624.073 603.072 580.704 557.099 532.384 506.657 479.963 452.291 423.770 395.012 365.943 337.368 309.912 282.764 252.351 214.095 168.370 122.819 85.347 57.788 37.816 22.982 11.951 4.065 -1.123 -4.020 -5.018 -5.028 -5.028 -5.028 -5.028 -5.028 -5.028 -5.028 -5.028 -5.028 -5.028 -5.028 -5.028 -5.028 -5.028 -5.028 -5.028 -5.028 -5.028 -5.028 -5.028 -5.028 -5.028 -5.028 -5.028 -5.028 -5.028 -5.028 -5.028 -5.028 -5.028
791.447 784.773 777.626 769.926 761.579 752.473 742.478 731.450 719.228 705.647 690.545 673.782 655.254 634.916 612.794 588.988 563.652 536.955 509.036 479.963 449.726 418.593 387.084 355.450 324.745 295.225 264.113 225.436 176.957 126.708 85.347 55.703 34.789 19.632 8.745 1.397 -2.962 -4.851 -5.028 -5.028 -5.028 -5.028 -5.028 -5.028 -5.028 -5.028 -5.028 -5.028 -5.028 -5.028 -5.028 -5.028 -5.028 -5.028 -5.028 -5.028 -5.028 -5.028 -5.028 -5.028 -5.028 -5.028 -5.028 -5.028 -5.028 -5.028 -5.028 -5.028 -5.028
809.230 803.049 796.490 789.491 781.975 773.851 765.002 755.292 744.555 732.603 719.228 704.207 687.329 668.412 647.336 624.073 598.704 571.403 542.396 511.881 479.963 446.637 412.346 377.560 343.004 309.912 277.104 238.149 187.181 131.463 85.347 53.280 31.363 15.958 5.413 -1.123 -4.359 -5.028 -5.028 -5.028 -5.028 -5.028 -5.028 -5.028 -5.028 -5.028 -5.028 -5.028 -5.028 -5.028 -5.028 -5.028 -5.028 -5.028 -5.028 -5.028 -5.028 -5.028 -5.028 -5.028 -5.028 -5.028 -5.028 -5.028 -5.028 -5.028 -5.028 -5.028 -5.028
