examples/helix/dhm.asc
ncols 751 
nrows 351 
xllcorner -1875.000000 
yllcorner -1750.000000 
cellsize 5.000000 
NODATA_value -9999.000000 
[rows 31 to 61 of 351, columns 138 to 206 of 751]
392.554 391.460 390.367 389.273 388.179 387.084 385.990 384.895 383.800 382.705 381.610 380.516 379.421 378.326 377.232 376.137 375.043 373.950 372.856 371.763 370.671 369.579 368.487 367.397 366.306 365.217 364.128 363.040 361.953 360.866 359.781 358.697 357.613 356.531 355.450 354.370 353.291 352.213 351.137 350.062 348.988 347.916 346.846 345.776 344.709 343.642 342.578 341.515 340.454 339.394 338.336 337.280 336.226 335.173 334.122 333.073 332.026 330.980 329.936 328.895 327.854 326.816 325.779 324.745 323.712 322.680 321.650 320.622 319.596
393.368 392.272 391.175 390.078 388.980 387.883 386.785 385.687 384.589 383.490 382.392 381.294 380.195 379.097 377.999 376.901 375.804 374.706 373.609 372.513 371.416 370.321 369.225 368.131 367.037 365.943 364.850 363.758 362.667 361.577 360.487 359.399 358.312 357.225 356.140 355.056 353.973 352.891 351.810 350.731 349.653 348.577 347.502 346.428 345.356 344.286 343.217 342.150 341.084 340.020 338.958 337.898 336.839 335.782 334.727 333.673 332.622 331.572 330.524 329.478 328.433 327.391 326.350 325.311 324.273 323.238 322.204 321.172 320.141
394.187 393.088 391.988 390.888 389.787 388.686 387.585 386.484 385.382 384.280 383.179 382.077 380.975 379.873 378.772 377.670 376.569 375.468 374.367 373.267 372.167 371.067 369.968 368.870 367.772 366.674 365.578 364.482 363.387 362.292 361.199 360.106 359.015 357.924 356.835 355.746 354.659 353.573 352.488 351.405 350.323 349.242 348.163 347.085 346.009 344.934 343.861 342.789 341.719 340.651 339.585 338.520 337.457 336.395 335.336 334.278 333.222 332.168 331.115 330.065 329.016 327.969 326.924 325.881 324.839 323.799 322.761 321.725 320.690
395.012 393.909 392.806 391.702 390.599 389.494 388.390 387.285 386.180 385.075 383.970 382.865 381.759 380.654 379.549 378.444 377.339 376.234 375.130 374.026 372.922 371.819 370.716 369.613 368.512 367.410 366.310 365.210 364.111 363.012 361.915 360.818 359.723 358.628 357.534 356.442 355.351 354.260 353.171 352.084 350.997 349.912 348.829 347.747 346.666 345.587 344.509 343.434 342.359 341.287 340.216 339.146 338.079 337.013 335.949 334.887 333.826 332.768 331.711 330.656 329.603 328.552 327.503 326.455 325.409 324.365 323.323 322.282 321.243
395.841 394.735 393.629 392.522 391.415 390.308 389.200 388.092 386.984 385.875 384.766 383.658 382.549 381.440 380.331 379.223 378.114 377.006 375.898 374.790 373.682 372.575 371.469 370.362 369.257 368.151 367.047 365.943 364.840 363.738 362.636 361.535 360.436 359.337 358.239 357.142 356.047 354.952 353.859 352.767 351.677 350.587 349.499 348.413 347.328 346.245 345.163 344.082 343.004 341.927 340.851 339.777 338.706 337.635 336.567 335.500 334.436 333.373 332.311 331.252 330.195 329.139 328.085 327.033 325.983 324.935 323.889 322.844 321.801
396.675 395.566 394.457 393.347 392.237 391.126 390.015 388.904 387.792 386.680 385.568 384.456 383.343 382.231 381.119 380.007 378.894 377.782 376.671 375.559 374.448 373.337 372.226 371.116 370.007 368.898 367.789 366.681 365.574 364.468 363.362 362.257 361.153 360.051 358.949 357.848 356.748 355.649 354.552 353.456 352.361 351.267 350.175 349.084 347.995 346.907 345.821 344.736 343.653 342.571 341.491 340.413 339.337 338.262 337.189 336.118 335.049 333.982 332.916 331.852 330.791 329.731 328.672 327.616 326.562 325.509 324.458 323.409 322.362
397.515 396.403 395.290 394.177 393.063 391.949 390.835 389.720 388.605 387.490 386.374 385.259 384.143 383.027 381.911 380.795 379.680 378.564 377.449 376.333 375.218 374.103 372.989 371.875 370.762 369.649 368.536 367.424 366.313 365.203 364.093 362.984 361.876 360.769 359.663 358.558 357.454 356.351 355.250 354.149 353.050 351.952 350.855 349.760 348.666 347.574 346.483 345.394 344.307 343.221 342.136 341.054 339.973 338.894 337.816 336.741 335.667 334.595 333.525 332.457 331.391 330.326 329.264 328.203 327.144 326.087 325.032 323.979 322.927
398.359 397.244 396.128 395.012 393.895 392.778 391.660 390.542 389.424 388.305 387.186 386.067 384.948 383.828 382.709 381.589 380.470 379.351 378.232 377.112 375.994 374.875 373.757 372.639 371.522 370.405 369.288 368.173 367.058 365.943 364.829 363.716 362.604 361.493 360.383 359.273 358.165 357.058 355.952 354.847 353.744 352.641 351.540 350.441 349.343 348.246 347.151 346.057 344.965 343.875 342.786 341.699 340.614 339.530 338.448 337.368 336.290 335.213 334.139 333.066 331.996 330.927 329.860 328.794 327.731 326.670 325.610 324.552 323.497
399.209 398.090 396.971 395.852 394.732 393.611 392.490 391.369 390.247 389.125 388.003 386.880 385.757 384.635 383.512 382.389 381.265 380.142 379.020 377.897 376.774 375.652 374.530 373.408 372.287 371.166 370.046 368.926 367.807 366.688 365.571 364.453 363.337 362.222 361.107 359.994 358.881 357.770 356.660 355.551 354.443 353.336 352.231 351.127 350.024 348.923 347.823 346.725 345.629 344.534 343.440 342.349 341.259 340.171 339.084 338.000 336.917 335.836 334.757 333.680 332.605 331.531 330.460 329.390 328.322 327.257 326.193 325.130 324.070
400.063 398.942 397.820 396.697 395.574 394.450 393.326 392.201 391.076 389.950 388.825 387.699 386.572 385.446 384.319 383.193 382.066 380.939 379.813 378.686 377.560 376.434 375.308 374.183 373.057 371.933 370.808 369.685 368.561 367.439 366.317 365.196 364.075 362.956 361.837 360.719 359.603 358.487 357.372 356.259 355.147 354.035 352.926 351.817 350.710 349.605 348.501 347.398 346.297 345.198 344.100 343.004 341.909 340.816 339.726 338.636 337.549 336.464 335.380 334.298 333.218 332.141 331.064 329.990 328.918 327.848 326.779 325.713 324.648
400.923 399.798 398.673 397.547 396.421 395.294 394.166 393.038 391.910 390.781 389.652 388.522 387.392 386.263 385.132 384.002 382.872 381.742 380.611 379.481 378.351 377.221 376.091 374.962 373.833 372.704 371.576 370.448 369.321 368.194 367.068 365.943 364.819 363.695 362.572 361.450 360.329 359.209 358.090 356.972 355.855 354.740 353.626 352.513 351.402 350.292 349.183 348.076 346.970 345.866 344.764 343.663 342.564 341.467 340.371 339.278 338.186 337.096 336.008 334.921 333.837 332.754 331.674 330.595 329.518 328.443 327.370 326.299 325.230
401.788 400.660 399.532 398.403 397.273 396.143 395.012 393.880 392.749 391.616 390.484 389.351 388.218 387.084 385.951 384.817 383.683 382.549 381.415 380.281 379.147 378.013 376.880 375.747 374.614 373.481 372.349 371.217 370.086 368.955 367.825 366.696 365.567 364.439 363.312 362.186 361.060 359.936 358.813 357.691 356.570 355.450 354.331 353.214 352.098 350.983 349.870 348.759 347.648 346.540 345.433 344.328 343.224 342.122 341.022 339.924 338.827 337.733 336.640 335.549 334.460 333.373 332.287 331.204 330.123 329.043 327.966 326.890 325.816
402.658 401.527 400.395 399.263 398.130 396.997 395.863 394.728 393.593 392.457 391.321 390.185 389.048 387.911 386.774 385.637 384.499 383.362 382.224 381.086 379.949 378.811 377.674 376.537 375.400 374.263 373.127 371.991 370.856 369.721 368.587 367.453 366.321 365.188 364.057 362.927 361.797 360.668 359.541 358.414 357.289 356.165 355.042 353.920 352.799 351.680 350.563 349.446 348.332 347.219 346.107 344.997 343.889 342.782 341.678 340.575 339.473 338.374 337.277 336.181 335.087 333.996 332.906 331.818 330.732 329.648 328.566 327.486 326.407
403.533 402.399 401.264 400.129 398.993 397.856 396.719 395.581 394.442 393.304 392.164 391.024 389.884 388.744 387.603 386.462 385.321 384.179 383.038 381.897 380.755 379.614 378.473 377.332 376.191 375.051 373.910 372.771 371.631 370.492 369.354 368.216 367.079 365.943 364.807 363.673 362.539 361.406 360.274 359.143 358.013 356.885 355.757 354.631 353.506 352.382 351.260 350.139 349.020 347.902 346.786 345.672 344.559 343.448 342.338 341.230 340.125 339.021 337.918 336.818 335.720 334.623 333.529 332.436 331.346 330.257 329.170 328.085 327.003
404.413 403.276 402.139 401.000 399.861 398.721 397.580 396.439 395.297 394.155 393.012 391.869 390.725 389.581 388.437 387.292 386.148 385.003 383.858 382.713 381.567 380.422 379.277 378.132 376.988 375.843 374.699 373.555 372.412 371.269 370.127 368.985 367.844 366.703 365.563 364.424 363.286 362.149 361.012 359.877 358.743 357.610 356.478 355.347 354.218 353.089 351.963 350.837 349.713 348.591 347.470 346.351 345.234 344.118 343.004 341.891 340.781 339.672 338.565 337.460 336.357 335.256 334.157 333.059 331.964 330.871 329.779 328.690 327.602
405.299 404.159 403.018 401.877 400.734 399.591 398.447 397.303 396.157 395.012 393.866 392.719 391.572 390.424 389.276 388.128 386.980 385.831 384.683 383.534 382.385 381.236 380.087 378.938 377.790 376.641 375.493 374.345 373.198 372.051 370.904 369.758 368.613 367.468 366.324 365.181 364.038 362.897 361.756 360.616 359.478 358.340 357.204 356.068 354.934 353.802 352.670 351.540 350.412 349.285 348.159 347.036 345.913 344.793 343.674 342.557 341.442 340.328 339.217 338.107 336.999 335.893 334.789 333.687 332.587 331.489 330.393 329.299 328.207
406.190 405.047 403.903 402.758 401.613 400.466 399.319 398.171 397.023 395.874 394.724 393.574 392.424 391.273 390.121 388.970 387.818 386.665 385.513 384.360 383.208 382.055 380.902 379.750 378.597 377.445 376.293 375.141 373.989 372.838 371.688 370.538 369.388 368.239 367.091 365.943 364.796 363.650 362.505 361.361 360.218 359.076 357.935 356.795 355.657 354.519 353.383 352.249 351.116 349.984 348.854 347.725 346.598 345.473 344.350 343.228 342.108 340.989 339.873 338.759 337.646 336.535 335.426 334.320 333.215 332.112 331.011 329.912 328.816
407.087 405.940 404.793 403.645 402.497 401.347 400.197 399.046 397.894 396.741 395.588 394.435 393.281 392.126 390.971 389.816 388.661 387.505 386.349 385.192 384.036 382.879 381.723 380.566 379.410 378.254 377.098 375.942 374.786 373.631 372.476 371.322 370.168 369.015 367.862 366.711 365.559 364.409 363.260 362.111 360.964 359.817 358.672 357.527 356.384 355.242 354.102 352.962 351.825 350.688 349.553 348.420 347.289 346.159 345.030 343.904 342.779 341.656 340.535 339.415 338.298 337.182 336.069 334.957 333.848 332.740 331.634 330.531 329.429
407.988 406.839 405.689 404.538 403.386 402.233 401.080 399.925 398.770 397.614 396.458 395.301 394.144 392.986 391.827 390.668 389.509 388.350 387.190 386.030 384.870 383.709 382.549 381.389 380.228 379.068 377.908 376.748 375.589 374.429 373.270 372.112 370.954 369.797 368.640 367.484 366.328 365.173 364.019 362.867 361.714 360.563 359.413 358.265 357.117 355.970 354.825 353.681 352.539 351.398 350.258 349.120 347.984 346.849 345.716 344.585 343.455 342.327 341.201 340.077 338.955 337.834 336.716 335.599 334.485 333.373 332.262 331.154 330.047
408.896 407.743 406.590 405.436 404.281 403.125 401.968 400.810 399.652 398.493 397.333 396.173 395.012 393.850 392.688 391.526 390.363 389.200 388.036 386.873 385.709 384.545 383.381 382.216 381.052 379.888 378.724 377.560 376.396 375.233 374.070 372.907 371.745 370.584 369.422 368.262 367.102 365.943 364.785 363.627 362.471 361.315 360.161 359.007 357.855 356.704 355.554 354.406 353.259 352.113 350.968 349.826 348.685 347.545 346.407 345.271 344.136 343.004 341.873 340.744 339.617 338.491 337.368 336.247 335.127 334.010 332.895 331.782 330.670
409.808 408.653 407.497 406.339 405.181 404.022 402.862 401.701 400.539 399.377 398.214 397.050 395.885 394.720 393.555 392.389 391.223 390.056 388.889 387.721 386.554 385.386 384.218 383.050 381.881 380.713 379.545 378.377 377.210 376.042 374.875 373.708 372.542 371.376 370.211 369.046 367.882 366.718 365.556 364.394 363.233 362.073 360.914 359.756 358.599 357.443 356.289 355.135 353.983 352.833 351.684 350.536 349.390 348.246 347.103 345.962 344.823 343.685 342.549 341.416 340.284 339.153 338.025 336.899 335.775 334.653 333.532 332.414 331.298
410.726 409.568 408.409 407.248 406.087 404.924 403.761 402.597 401.432 400.266 399.100 397.933 396.765 395.596 394.427 393.258 392.088 390.917 389.746 388.575 387.404 386.232 385.060 383.888 382.716 381.544 380.372 379.200 378.029 376.857 375.686 374.515 373.344 372.174 371.004 369.835 368.667 367.499 366.332 365.166 364.000 362.836 361.672 360.509 359.348 358.188 357.028 355.870 354.714 353.559 352.405 351.252 350.102 348.952 347.805 346.659 345.515 344.372 343.231 342.093 340.956 339.821 338.688 337.556 336.427 335.300 334.175 333.052 331.931
411.650 410.488 409.326 408.162 406.998 405.832 404.666 403.498 402.330 401.161 399.991 398.821 397.649 396.478 395.305 394.132 392.958 391.784 390.610 389.435 388.260 387.084 385.909 384.733 383.557 382.381 381.205 380.029 378.853 377.678 376.502 375.327 374.152 372.978 371.804 370.630 369.458 368.285 367.114 365.943 364.773 363.604 362.436 361.269 360.103 358.938 357.774 356.611 355.450 354.290 353.131 351.974 350.818 349.664 348.512 347.361 346.212 345.064 343.919 342.775 341.633 340.493 339.355 338.219 337.085 335.953 334.823 333.695 332.569
412.579 411.415 410.249 409.082 407.915 406.746 405.576 404.406 403.234 402.062 400.889 399.715 398.540 397.364 396.188 395.012 393.835 392.657 391.479 390.300 389.121 387.942 386.763 385.583 384.403 383.223 382.043 380.863 379.683 378.504 377.324 376.145 374.966 373.787 372.609 371.431 370.254 369.077 367.901 366.726 365.552 364.378 363.205 362.034 360.863 359.693 358.525 357.357 356.191 355.026 353.863 352.701 351.540 350.381 349.224 348.068 346.914 345.762 344.611 343.463 342.316 341.171 340.028 338.886 337.747 336.610 335.475 334.342 333.211
413.514 412.346 411.178 410.008 408.837 407.665 406.492 405.318 404.144 402.968 401.791 400.614 399.436 398.257 397.077 395.897 394.717 393.535 392.353 391.171 389.989 388.806 387.622 386.439 385.255 384.071 382.887 381.703 380.519 379.336 378.152 376.968 375.785 374.602 373.420 372.238 371.056 369.875 368.695 367.515 366.336 365.158 363.980 362.804 361.629 360.454 359.281 358.109 356.938 355.768 354.600 353.433 352.268 351.104 349.942 348.781 347.622 346.465 345.309 344.155 343.004 341.854 340.705 339.559 338.415 337.273 336.133 334.995 333.859
414.454 413.283 412.112 410.939 409.765 408.590 407.414 406.237 405.059 403.880 402.700 401.519 400.338 399.155 397.972 396.789 395.604 394.419 393.234 392.048 390.861 389.675 388.488 387.300 386.113 384.925 383.737 382.549 381.361 380.173 378.985 377.798 376.610 375.423 374.236 373.050 371.864 370.678 369.493 368.309 367.126 365.943 364.761 363.580 362.400 361.221 360.043 358.866 357.691 356.516 355.343 354.171 353.001 351.832 350.665 349.499 348.335 347.173 346.013 344.854 343.697 342.542 341.389 340.237 339.088 337.941 336.796 335.653 334.512
415.400 414.226 413.052 411.876 410.699 409.520 408.341 407.161 405.980 404.797 403.614 402.430 401.245 400.059 398.873 397.685 396.498 395.309 394.120 392.930 391.740 390.550 389.359 388.167 386.976 385.784 384.592 383.400 382.208 381.016 379.824 378.633 377.441 376.249 375.058 373.868 372.677 371.487 370.298 369.109 367.921 366.734 365.548 364.362 363.177 361.994 360.811 359.629 358.449 357.270 356.092 354.915 353.740 352.566 351.394 350.223 349.054 347.887 346.721 345.558 344.396 343.235 342.077 340.921 339.766 338.614 337.464 336.316 335.169
416.351 415.175 413.997 412.818 411.638 410.457 409.274 408.091 406.906 405.721 404.534 403.347 402.158 400.969 399.779 398.588 397.397 396.205 395.012 393.818 392.625 391.430 390.236 389.041 387.845 386.650 385.454 384.258 383.062 381.865 380.669 379.473 378.277 377.082 375.886 374.691 373.497 372.302 371.109 369.915 368.723 367.531 366.340 365.150 363.960 362.772 361.584 360.398 359.213 358.029 356.846 355.664 354.484 353.306 352.128 350.953 349.779 348.606 347.436 346.267 345.100 343.934 342.771 341.610 340.450 339.293 338.137 336.984 335.833
417.308 416.129 414.948 413.766 412.583 411.399 410.213 409.026 407.838 406.650 405.460 404.269 403.077 401.884 400.691 399.497 398.302 397.106 395.909 394.712 393.515 392.317 391.118 389.919 388.720 387.521 386.321 385.121 383.921 382.720 381.520 380.320 379.120 377.920 376.720 375.521 374.322 373.123 371.925 370.727 369.530 368.334 367.138 365.943 364.749 363.556 362.364 361.172 359.982 358.793 357.606 356.419 355.234 354.051 352.869 351.688 350.509 349.331 348.156 346.982 345.809 344.639 343.470 342.304 341.139 339.977 338.816 337.657 336.501
418.271 417.089 415.905 414.720 413.534 412.346 411.157 409.967 408.776 407.584 406.391 405.197 404.002 402.806 401.609 400.411 399.212 398.013 396.813 395.612 394.411 393.209 392.007 390.804 389.601 388.398 387.194 385.990 384.786 383.581 382.377 381.173 379.968 378.764 377.560 376.356 375.153 373.950 372.747 371.545 370.343 369.142 367.942 366.742 365.544 364.346 363.149 361.953 360.758 359.564 358.372 357.180 355.990 354.802 353.614 352.429 351.245 350.062 348.881 347.702 346.525 345.349 344.175 343.004 341.834 340.666 339.500 338.336 337.175
419.240 418.054 416.868 415.680 414.490 413.300 412.108 410.915 409.720 408.525 407.328 406.131 404.932 403.733 402.532 401.331 400.129 398.926 397.722 396.518 395.313 394.108 392.901 391.695 390.488 389.280 388.073 386.865 385.656 384.448 383.240 382.031 380.823 379.614 378.406 377.198 375.990 374.782 373.575 372.368 371.162 369.957 368.752 367.548 366.344 365.141 363.940 362.739 361.539 360.341 359.143 357.947 356.752 355.558 354.366 353.175 351.986 350.798 349.612 348.428 347.246 346.065 344.886 343.709 342.534 341.361 340.190 339.021 337.854
