examples/example2/test_dhm_1.asc
ncols        800 
nrows        800 
xllcenter    0.0
yllcenter    0.0
cellsize     10
NODATA_value -9999.0
[rows 352 to 383 of 800, columns 370 to 443 of 800]
697.868 699.939 702.010 704.081 706.152 708.223 710.294 712.365 714.437 716.508 718.579 720.650 722.721 724.792 726.863 728.934 731.005 733.076 735.147 737.218 739.289 741.360 743.431 745.503 747.574 749.645 751.716 753.787 755.858 757.929 0.000 757.929 755.858 753.787 751.716 749.645 747.574 745.503 743.431 741.360 739.289 737.218 735.147 733.076 731.005 728.934 726.863 724.792 722.721 720.650 718.579 716.508 714.437 712.365 710.294 708.223 706.152 704.081 702.010 699.939 697.868 695.797 693.726 691.655 689.584 687.513 685.442 683.370 681.299 679.228 677.157 675.086 673.015 670.944
702.868 704.939 707.010 709.081 711.152 713.223 715.294 717.365 719.437 721.508 723.579 725.650 727.721 729.792 731.863 733.934 736.005 738.076 740.147 742.218 744.289 746.360 748.431 750.503 752.574 754.645 756.716 758.787 760.858 762.929 0.000 762.929 760.858 758.787 756.716 754.645 752.574 750.503 748.431 746.360 744.289 742.218 740.147 738.076 736.005 733.934 731.863 729.792 727.721 725.650 723.579 721.508 719.437 717.365 715.294 713.223 711.152 709.081 707.010 704.939 702.868 700.797 698.726 696.655 694.584 692.513 690.442 688.370 686.299 684.228 682.157 680.086 678.015 675.944
707.868 709.939 712.010 714.081 716.152 718.223 720.294 722.365 724.437 726.508 728.579 730.650 732.721 734.792 736.863 738.934 741.005 743.076 745.147 747.218 749.289 751.360 753.431 755.503 757.574 759.645 761.716 763.787 765.858 767.929 0.000 767.929 765.858 763.787 761.716 759.645 757.574 755.503 753.431 751.360 749.289 747.218 745.147 743.076 741.005 738.934 736.863 734.792 732.721 730.650 728.579 726.508 724.437 722.365 720.294 718.223 716.152 714.081 712.010 709.939 707.868 705.797 703.726 701.655 699.584 697.513 695.442 693.370 691.299 689.228 687.157 685.086 683.015 680.944
712.868 714.939 717.010 719.081 721.152 723.223 725.294 727.365 729.437 731.508 733.579 735.650 737.721 739.792 741.863 743.934 746.005 748.076 750.147 752.218 754.289 756.360 758.431 760.503 762.574 764.645 766.716 768.787 770.858 772.929 0.000 772.929 770.858 768.787 766.716 764.645 762.574 760.503 758.431 756.360 754.289 752.218 750.147 748.076 746.005 743.934 741.863 739.792 737.721 735.650 733.579 731.508 729.437 727.365 725.294 723.223 721.152 719.081 717.010 714.939 712.868 710.797 708.726 706.655 704.584 702.513 700.442 698.370 696.299 694.228 692.157 690.086 688.015 685.944
717.868 719.939 722.010 724.081 726.152 728.223 730.294 732.365 734.437 736.508 738.579 740.650 742.721 744.792 746.863 748.934 751.005 753.076 755.147 757.218 759.289 761.360 763.431 765.503 767.574 769.645 771.716 773.787 775.858 777.929 0.000 777.929 775.858 773.787 771.716 769.645 767.574 765.503 763.431 761.360 759.289 757.218 755.147 753.076 751.005 748.934 746.863 744.792 742.721 740.650 738.579 736.508 734.437 732.365 730.294 728.223 726.152 724.081 722.010 719.939 717.868 715.797 713.726 711.655 709.584 707.513 705.442 703.370 701.299 699.228 697.157 695.086 693.015 690.944
722.868 724.939 727.010 729.081 731.152 733.223 735.294 737.365 739.437 741.508 743.579 745.650 747.721 749.792 751.863 753.934 756.005 758.076 760.147 762.218 764.289 766.360 768.431 770.503 772.574 774.645 776.716 778.787 780.858 782.929 0.000 782.929 780.858 778.787 776.716 774.645 772.574 770.503 768.431 766.360 764.289 762.218 760.147 758.076 756.005 753.934 751.863 749.792 747.721 745.650 743.579 741.508 739.437 737.365 735.294 733.223 731.152 729.081 727.010 724.939 722.868 720.797 718.726 716.655 714.584 712.513 710.442 708.370 706.299 704.228 702.157 700.086 698.015 0.000
727.868 729.939 732.010 734.081 736.152 738.223 740.294 742.365 744.437 746.508 748.579 750.650 752.721 754.792 756.863 758.934 761.005 763.076 765.147 767.218 769.289 771.360 773.431 775.503 777.574 779.645 781.716 783.787 785.858 787.929 0.000 787.929 785.858 783.787 781.716 779.645 777.574 775.503 773.431 771.360 769.289 767.218 765.147 763.076 761.005 758.934 756.863 754.792 752.721 750.650 748.579 746.508 744.437 742.365 740.294 738.223 736.152 734.081 732.010 729.939 727.868 725.797 723.726 721.655 719.584 717.513 715.442 713.370 711.299 709.228 707.157 705.086 0.000 698.015
732.868 734.939 737.010 739.081 741.152 743.223 745.294 747.365 749.437 751.508 753.579 755.650 757.721 759.792 761.863 763.934 766.005 768.076 770.147 772.218 774.289 776.360 778.431 780.503 782.574 784.645 786.716 788.787 790.858 792.929 0.000 792.929 790.858 788.787 786.716 784.645 782.574 780.503 778.431 776.360 774.289 772.218 770.147 768.076 766.005 763.934 761.863 759.792 757.721 755.650 753.579 751.508 749.437 747.365 745.294 743.223 741.152 739.081 737.010 734.939 732.868 730.797 728.726 726.655 724.584 722.513 720.442 718.370 716.299 714.228 712.157 0.000 705.086 700.086
737.868 739.939 742.010 744.081 746.152 748.223 750.294 752.365 754.437 756.508 758.579 760.650 762.721 764.792 766.863 768.934 771.005 773.076 775.147 777.218 779.289 781.360 783.431 785.503 787.574 789.645 791.716 793.787 795.858 797.929 0.000 797.929 795.858 793.787 791.716 789.645 787.574 785.503 783.431 781.360 779.289 777.218 775.147 773.076 771.005 768.934 766.863 764.792 762.721 760.650 758.579 756.508 754.437 752.365 750.294 748.223 746.152 744.081 742.010 739.939 737.868 735.797 733.726 731.655 729.584 727.513 725.442 723.370 721.299 719.228 0.000 712.157 707.157 702.157
742.868 744.939 747.010 749.081 751.152 753.223 755.294 757.365 759.437 761.508 763.579 765.650 767.721 769.792 771.863 773.934 776.005 778.076 780.147 782.218 784.289 786.360 788.431 790.503 792.574 794.645 796.716 798.787 800.858 802.929 0.000 802.929 800.858 798.787 796.716 794.645 792.574 790.503 788.431 786.360 784.289 782.218 780.147 778.076 776.005 773.934 771.863 769.792 767.721 765.650 763.579 761.508 759.437 757.365 755.294 753.223 751.152 749.081 747.010 744.939 742.868 740.797 738.726 736.655 734.584 732.513 730.442 728.370 726.299 0.000 719.228 714.228 709.228 704.228
747.868 749.939 752.010 754.081 756.152 758.223 760.294 762.365 764.437 766.508 768.579 770.650 772.721 774.792 776.863 778.934 781.005 783.076 785.147 787.218 789.289 791.360 793.431 795.503 797.574 799.645 801.716 803.787 805.858 807.929 0.000 807.929 805.858 803.787 801.716 799.645 797.574 795.503 793.431 791.360 789.289 787.218 785.147 783.076 781.005 778.934 776.863 774.792 772.721 770.650 768.579 766.508 764.437 762.365 760.294 758.223 756.152 754.081 752.010 749.939 747.868 745.797 743.726 741.655 739.584 737.513 735.442 733.370 0.000 726.299 721.299 716.299 711.299 706.299
752.868 754.939 757.010 759.081 761.152 763.223 765.294 767.365 769.437 771.508 773.579 775.650 777.721 779.792 781.863 783.934 786.005 788.076 790.147 792.218 794.289 796.360 798.431 800.503 802.574 804.645 806.716 808.787 810.858 812.929 0.000 812.929 810.858 808.787 806.716 804.645 802.574 800.503 798.431 796.360 794.289 792.218 790.147 788.076 786.005 783.934 781.863 779.792 777.721 775.650 773.579 771.508 769.437 767.365 765.294 763.223 761.152 759.081 757.010 754.939 752.868 750.797 748.726 746.655 744.584 742.513 740.442 0.000 733.370 728.370 723.370 718.370 713.370 708.370
757.868 759.939 762.010 764.081 766.152 768.223 770.294 772.365 774.437 776.508 778.579 780.650 782.721 784.792 786.863 788.934 791.005 793.076 795.147 797.218 799.289 801.360 803.431 805.503 807.574 809.645 811.716 813.787 815.858 817.929 0.000 817.929 815.858 813.787 811.716 809.645 807.574 805.503 803.431 801.360 799.289 797.218 795.147 793.076 791.005 788.934 786.863 784.792 782.721 780.650 778.579 776.508 774.437 772.365 770.294 768.223 766.152 764.081 762.010 759.939 757.868 755.797 753.726 751.655 749.584 747.513 0.000 740.442 735.442 730.442 725.442 720.442 715.442 710.442
762.868 764.939 767.010 769.081 771.152 773.223 775.294 777.365 779.437 781.508 783.579 785.650 787.721 789.792 791.863 793.934 796.005 798.076 800.147 802.218 804.289 806.360 808.431 810.503 812.574 814.645 816.716 818.787 820.858 822.929 0.000 822.929 820.858 818.787 816.716 814.645 812.574 810.503 808.431 806.360 804.289 802.218 800.147 798.076 796.005 793.934 791.863 789.792 787.721 785.650 783.579 781.508 779.437 777.365 775.294 773.223 771.152 769.081 767.010 764.939 762.868 760.797 758.726 756.655 754.584 0.000 747.513 742.513 737.513 732.513 727.513 722.513 717.513 712.513
767.868 769.939 772.010 774.081 776.152 778.223 780.294 782.365 784.437 786.508 788.579 790.650 792.721 794.792 796.863 798.934 801.005 803.076 805.147 807.218 809.289 811.360 813.431 815.503 817.574 819.645 821.716 823.787 825.858 827.929 0.000 827.929 825.858 823.787 821.716 819.645 817.574 815.503 813.431 811.360 809.289 807.218 805.147 803.076 801.005 798.934 796.863 794.792 792.721 790.650 788.579 786.508 784.437 782.365 780.294 778.223 776.152 774.081 772.010 769.939 767.868 765.797 763.726 761.655 0.000 754.584 749.584 744.584 739.584 734.584 729.584 724.584 719.584 714.584
772.868 774.939 777.010 779.081 781.152 783.223 785.294 787.365 789.437 791.508 793.579 795.650 797.721 799.792 801.863 803.934 806.005 808.076 810.147 812.218 814.289 816.360 818.431 820.503 822.574 824.645 826.716 828.787 830.858 832.929 0.000 832.929 830.858 828.787 826.716 824.645 822.574 820.503 818.431 816.360 814.289 812.218 810.147 808.076 806.005 803.934 801.863 799.792 797.721 795.650 793.579 791.508 789.437 787.365 785.294 783.223 781.152 779.081 777.010 774.939 772.868 770.797 768.726 0.000 761.655 756.655 751.655 746.655 741.655 736.655 731.655 726.655 721.655 716.655
777.868 779.939 782.010 784.081 786.152 788.223 790.294 792.365 794.437 796.508 798.579 800.650 802.721 804.792 806.863 808.934 811.005 813.076 815.147 817.218 819.289 821.360 823.431 825.503 827.574 829.645 831.716 833.787 835.858 837.929 0.000 837.929 835.858 833.787 831.716 829.645 827.574 825.503 823.431 821.360 819.289 817.218 815.147 813.076 811.005 808.934 806.863 804.792 802.721 800.650 798.579 796.508 794.437 792.365 790.294 788.223 786.152 784.081 782.010 779.939 777.868 775.797 0.000 768.726 763.726 758.726 753.726 748.726 743.726 738.726 733.726 728.726 723.726 718.726
782.868 784.939 787.010 789.081 791.152 793.223 795.294 797.365 799.437 801.508 803.579 805.650 807.721 809.792 811.863 813.934 816.005 818.076 820.147 822.218 824.289 826.360 828.431 830.503 832.574 834.645 836.716 838.787 840.858 842.929 0.000 842.929 840.858 838.787 836.716 834.645 832.574 830.503 828.431 826.360 824.289 822.218 820.147 818.076 816.005 813.934 811.863 809.792 807.721 805.650 803.579 801.508 799.437 797.365 795.294 793.223 791.152 789.081 787.010 784.939 782.868 0.000 775.797 770.797 765.797 760.797 755.797 750.797 745.797 740.797 735.797 730.797 725.797 720.797
0.000 789.939 792.010 794.081 796.152 798.223 800.294 802.365 804.437 806.508 808.579 810.650 812.721 814.792 816.863 818.934 821.005 823.076 825.147 827.218 829.289 831.360 833.431 835.503 837.574 839.645 841.716 843.787 845.858 847.929 0.000 847.929 845.858 843.787 841.716 839.645 837.574 835.503 833.431 831.360 829.289 827.218 825.147 823.076 821.005 818.934 816.863 814.792 812.721 810.650 808.579 806.508 804.437 802.365 800.294 798.223 796.152 794.081 792.010 789.939 0.000 782.868 777.868 772.868 767.868 762.868 757.868 752.868 747.868 742.868 737.868 732.868 727.868 722.868
789.939 0.000 797.010 799.081 801.152 803.223 805.294 807.365 809.437 811.508 813.579 815.650 817.721 819.792 821.863 823.934 826.005 828.076 830.147 832.218 834.289 836.360 838.431 840.503 842.574 844.645 846.716 848.787 850.858 852.929 0.000 852.929 850.858 848.787 846.716 844.645 842.574 840.503 838.431 836.360 834.289 832.218 830.147 828.076 826.005 823.934 821.863 819.792 817.721 815.650 813.579 811.508 809.437 807.365 805.294 803.223 801.152 799.081 797.010 0.000 789.939 784.939 779.939 774.939 769.939 764.939 759.939 754.939 749.939 744.939 739.939 734.939 729.939 724.939
792.010 797.010 0.000 804.081 806.152 808.223 810.294 812.365 814.437 816.508 818.579 820.650 822.721 824.792 826.863 828.934 831.005 833.076 835.147 837.218 839.289 841.360 843.431 845.503 847.574 849.645 851.716 853.787 855.858 857.929 0.000 857.929 855.858 853.787 851.716 849.645 847.574 845.503 843.431 841.360 839.289 837.218 835.147 833.076 831.005 828.934 826.863 824.792 822.721 820.650 818.579 816.508 814.437 812.365 810.294 808.223 806.152 804.081 0.000 797.010 792.010 787.010 782.010 777.010 772.010 767.010 762.010 757.010 752.010 747.010 742.010 737.010 732.010 727.010
794.081 799.081 804.081 0.000 811.152 813.223 815.294 817.365 819.437 821.508 823.579 825.650 827.721 829.792 831.863 833.934 836.005 838.076 840.147 842.218 844.289 846.360 848.431 850.503 852.574 854.645 856.716 858.787 860.858 862.929 0.000 862.929 860.858 858.787 856.716 854.645 852.574 850.503 848.431 846.360 844.289 842.218 840.147 838.076 836.005 833.934 831.863 829.792 827.721 825.650 823.579 821.508 819.437 817.365 815.294 813.223 811.152 0.000 804.081 799.081 794.081 789.081 784.081 779.081 774.081 769.081 764.081 759.081 754.081 749.081 744.081 739.081 734.081 729.081
796.152 801.152 806.152 811.152 0.000 818.223 820.294 822.365 824.437 826.508 828.579 830.650 832.721 834.792 836.863 838.934 841.005 843.076 845.147 847.218 849.289 851.360 853.431 855.503 857.574 859.645 861.716 863.787 865.858 867.929 0.000 867.929 865.858 863.787 861.716 859.645 857.574 855.503 853.431 851.360 849.289 847.218 845.147 843.076 841.005 838.934 836.863 834.792 832.721 830.650 828.579 826.508 824.437 822.365 820.294 818.223 0.000 811.152 806.152 801.152 796.152 791.152 786.152 781.152 776.152 771.152 766.152 761.152 756.152 751.152 746.152 741.152 736.152 731.152
798.223 803.223 808.223 813.223 818.223 0.000 825.294 827.365 829.437 831.508 833.579 835.650 837.721 839.792 841.863 843.934 846.005 848.076 850.147 852.218 854.289 856.360 858.431 860.503 862.574 864.645 866.716 868.787 870.858 872.929 0.000 872.929 870.858 868.787 866.716 864.645 862.574 860.503 858.431 856.360 854.289 852.218 850.147 848.076 846.005 843.934 841.863 839.792 837.721 835.650 833.579 831.508 829.437 827.365 825.294 0.000 818.223 813.223 808.223 803.223 798.223 793.223 788.223 783.223 778.223 773.223 768.223 763.223 758.223 753.223 748.223 743.223 738.223 733.223
800.294 805.294 810.294 815.294 820.294 825.294 0.000 832.365 834.437 836.508 838.579 840.650 842.721 844.792 846.863 848.934 851.005 853.076 855.147 857.218 859.289 861.360 863.431 865.503 867.574 869.645 871.716 873.787 875.858 877.929 0.000 877.929 875.858 873.787 871.716 869.645 867.574 865.503 863.431 861.360 859.289 857.218 855.147 853.076 851.005 848.934 846.863 844.792 842.721 840.650 838.579 836.508 834.437 832.365 0.000 825.294 820.294 815.294 810.294 805.294 800.294 795.294 790.294 785.294 780.294 775.294 770.294 765.294 760.294 755.294 750.294 745.294 740.294 735.294
802.365 807.365 812.365 817.365 822.365 827.365 832.365 0.000 839.437 841.508 843.579 845.650 847.721 849.792 851.863 853.934 856.005 858.076 860.147 862.218 864.289 866.360 868.431 870.503 872.574 874.645 876.716 878.787 880.858 882.929 0.000 882.929 880.858 878.787 876.716 874.645 872.574 870.503 868.431 866.360 864.289 862.218 860.147 858.076 856.005 853.934 851.863 849.792 847.721 845.650 843.579 841.508 839.437 0.000 832.365 827.365 822.365 817.365 812.365 807.365 802.365 797.365 792.365 787.365 782.365 777.365 772.365 767.365 762.365 757.365 752.365 747.365 742.365 737.365
804.437 809.437 814.437 819.437 824.437 829.437 834.437 839.437 0.000 846.508 848.579 850.650 852.721 854.792 856.863 858.934 861.005 863.076 865.147 867.218 869.289 871.360 873.431 875.503 877.574 879.645 881.716 883.787 885.858 887.929 0.000 887.929 885.858 883.787 881.716 879.645 877.574 875.503 873.431 871.360 869.289 867.218 865.147 863.076 861.005 858.934 856.863 854.792 852.721 850.650 848.579 846.508 0.000 839.437 834.437 829.437 824.437 819.437 814.437 809.437 804.437 799.437 794.437 789.437 784.437 779.437 774.437 769.437 764.437 759.437 754.437 749.437 744.437 739.437
806.508 811.508 816.508 821.508 826.508 831.508 836.508 841.508 846.508 0.000 853.579 855.650 857.721 859.792 861.863 863.934 866.005 868.076 870.147 872.218 874.289 876.360 878.431 880.503 882.574 884.645 886.716 888.787 890.858 892.929 0.000 892.929 890.858 888.787 886.716 884.645 882.574 880.503 878.431 876.360 874.289 872.218 870.147 868.076 866.005 863.934 861.863 859.792 857.721 855.650 853.579 0.000 846.508 841.508 836.508 831.508 826.508 821.508 816.508 811.508 806.508 801.508 796.508 791.508 786.508 781.508 776.508 771.508 766.508 761.508 756.508 751.508 746.508 741.508
808.579 813.579 818.579 823.579 828.579 833.579 838.579 843.579 848.579 853.579 0.000 860.650 862.721 864.792 866.863 868.934 871.005 873.076 875.147 877.218 879.289 881.360 883.431 885.503 887.574 889.645 891.716 893.787 895.858 897.929 0.000 897.929 895.858 893.787 891.716 889.645 887.574 885.503 883.431 881.360 879.289 877.218 875.147 873.076 871.005 868.934 866.863 864.792 862.721 860.650 0.000 853.579 848.579 843.579 838.579 833.579 828.579 823.579 818.579 813.579 808.579 803.579 798.579 793.579 788.579 783.579 778.579 773.579 768.579 763.579 758.579 753.579 748.579 743.579
810.650 815.650 820.650 825.650 830.650 835.650 840.650 845.650 850.650 855.650 860.650 0.000 867.721 869.792 871.863 873.934 876.005 878.076 880.147 882.218 884.289 886.360 888.431 890.503 892.574 894.645 896.716 898.787 900.858 902.929 0.000 902.929 900.858 898.787 896.716 894.645 892.574 890.503 888.431 886.360 884.289 882.218 880.147 878.076 876.005 873.934 871.863 869.792 867.721 0.000 860.650 855.650 850.650 845.650 840.650 835.650 830.650 825.650 820.650 815.650 810.650 805.650 800.650 795.650 790.650 785.650 780.650 775.650 770.650 765.650 760.650 755.650 750.650 745.650
812.721 817.721 822.721 827.721 832.721 837.721 842.721 847.721 852.721 857.721 862.721 867.721 0.000 874.792 876.863 878.934 881.005 883.076 885.147 887.218 889.289 891.360 893.431 895.503 897.574 899.645 901.716 903.787 905.858 907.929 0.000 907.929 905.858 903.787 901.716 899.645 897.574 895.503 893.431 891.360 889.289 887.218 885.147 883.076 881.005 878.934 876.863 874.792 0.000 867.721 862.721 857.721 852.721 847.721 842.721 837.721 832.721 827.721 822.721 817.721 812.721 807.721 802.721 797.721 792.721 787.721 782.721 777.721 772.721 767.721 762.721 757.721 752.721 747.721
814.792 819.792 824.792 829.792 834.792 839.792 844.792 849.792 854.792 859.792 864.792 869.792 874.792 0.000 881.863 883.934 886.005 888.076 890.147 892.218 894.289 896.360 898.431 900.503 902.574 904.645 906.716 908.787 910.858 912.929 0.000 912.929 910.858 908.787 906.716 904.645 902.574 900.503 898.431 896.360 894.289 892.218 890.147 888.076 886.005 883.934 881.863 0.000 874.792 869.792 864.792 859.792 854.792 849.792 844.792 839.792 834.792 829.792 824.792 819.792 814.792 809.792 804.792 799.792 794.792 789.792 784.792 779.792 774.792 769.792 764.792 759.792 754.792 749.792
