examples/example2/test_dhm_1.asc
ncols        800 
nrows        800 
xllcenter    0.0
yllcenter    0.0
cellsize     10
NODATA_value -9999.0
[rows 480 to 511 of 800, columns 222 to 295 of 800]
0.000 0.000 0.000 0.000 0.000 0.000 0.000 0.000 0.000 0.000 0.000 0.000 4.315 9.315 14.315 19.315 24.315 29.315 34.315 39.315 44.315 49.315 54.315 59.315 64.315 69.315 74.315 79.315 84.315 89.315 94.315 99.315 104.315 109.315 114.315 119.315 124.315 129.315 134.315 139.315 144.315 149.315 154.315 159.315 164.315 169.315 174.315 179.315 184.315 189.315 194.315 199.315 204.315 209.315 214.315 219.315 224.315 229.315 234.315 239.315 244.315 249.315 254.315 259.315 264.315 269.315 274.315 279.315 284.315 289.315 294.315 299.315 304.315 309.315
0.000 0.000 0.000 0.000 0.000 0.000 0.000 0.000 0.000 0.000 0.000 0.000 2.244 7.244 12.244 17.244 22.244 27.244 32.244 37.244 42.244 47.244 52.244 57.244 62.244 67.244 72.244 77.244 82.244 87.244 92.244 97.244 102.244 107.244 112.244 117.244 122.244 127.244 132.244 137.244 142.244 147.244 152.244 157.244 162.244 167.244 172.244 177.244 182.244 187.244 192.244 197.244 202.244 207.244 212.244 217.244 222.244 227.244 232.244 237.244 242.244 247.244 252.244 257.244 262.244 267.244 272.244 277.244 282.244 287.244 292.244 297.244 302.244 307.244
0.000 0.000 0.000 0.000 0.000 0.000 0.000 0.000 0.000 0.000 0.000 0.000 0.172 5.172 10.172 15.172 20.172 25.172 30.172 35.172 40.172 45.172 50.172 55.172 60.172 65.172 70.172 75.172 80.172 85.172 90.172 95.172 100.172 105.172 110.172 115.172 120.172 125.172 130.172 135.172 140.172 145.172 150.172 155.172 160.172 165.172 170.172 175.172 180.172 185.172 190.172 195.172 200.172 205.172 210.172 215.172 220.172 225.172 230.172 235.172 240.172 245.172 250.172 255.172 260.172 265.172 270.172 275.172 280.172 285.172 290.172 295.172 300.172 305.172
0.000 0.000 0.000 0.000 0.000 0.000 0.000 0.000 0.000 0.000 0.000 0.000 0.000 3.101 8.101 13.101 18.101 23.101 28.101 33.101 38.101 43.101 48.101 53.101 58.101 63.101 68.101 73.101 78.101 83.101 88.101 93.101 98.101 103.101 108.101 113.101 118.101 123.101 128.101 133.101 138.101 143.101 148.101 153.101 158.101 163.101 168.101 173.101 178.101 183.101 188.101 193.101 198.101 203.101 208.101 213.101 218.101 223.101 228.101 233.101 238.101 243.101 248.101 253.101 258.101 263.101 268.101 273.101 278.101 283.101 288.101 293.101 298.101 303.101
0.000 0.000 0.000 0.000 0.000 0.000 0.000 0.000 0.000 0.000 0.000 0.000 0.000 1.030 6.030 11.030 16.030 21.030 26.030 31.030 36.030 41.030 46.030 51.030 56.030 61.030 66.030 71.030 76.030 81.030 86.030 91.030 96.030 101.030 106.030 111.030 116.030 121.030 126.030 131.030 136.030 141.030 146.030 151.030 156.030 161.030 166.030 171.030 176.030 181.030 186.030 191.030 196.030 201.030 206.030 211.030 216.030 221.030 226.030 231.030 236.030 241.030 246.030 251.030 256.030 261.030 266.030 271.030 276.030 281.030 286.030 291.030 296.030 301.030
0.000 0.000 0.000 0.000 0.000 0.000 0.000 0.000 0.000 0.000 0.000 0.000 0.000 0.000 3.959 8.959 13.959 18.959 23.959 28.959 33.959 38.959 43.959 48.959 53.959 58.959 63.959 68.959 73.959 78.959 83.959 88.959 93.959 98.959 103.959 108.959 113.959 118.959 123.959 128.959 133.959 138.959 143.959 148.959 153.959 158.959 163.959 168.959 173.959 178.959 183.959 188.959 193.959 198.959 203.959 208.959 213.959 218.959 223.959 228.959 233.959 238.959 243.959 248.959 253.959 258.959 263.959 268.959 273.959 278.959 283.959 288.959 293.959 298.959
0.000 0.000 0.000 0.000 0.000 0.000 0.000 0.000 0.000 0.000 0.000 0.000 0.000 0.000 1.888 6.888 11.888 16.888 21.888 26.888 31.888 36.888 41.888 46.888 51.888 56.888 61.888 66.888 71.888 76.888 81.888 86.888 91.888 96.888 101.888 106.888 111.888 116.888 121.888 126.888 131.888 136.888 141.888 146.888 151.888 156.888 161.888 166.888 171.888 176.888 181.888 186.888 191.888 196.888 201.888 206.888 211.888 216.888 221.888 226.888 231.888 236.888 241.888 246.888 251.888 256.888 261.888 266.888 271.888 276.888 281.888 286.888 291.888 296.888
0.000 0.000 0.000 0.000 0.000 0.000 0.000 0.000 0.000 0.000 0.000 0.000 0.000 0.000 0.000 4.817 9.817 14.817 19.817 24.817 29.817 34.817 39.817 44.817 49.817 54.817 59.817 64.817 69.817 74.817 79.817 84.817 89.817 94.817 99.817 104.817 109.817 114.817 119.817 124.817 129.817 134.817 139.817 144.817 149.817 154.817 159.817 164.817 169.817 174.817 179.817 184.817 189.817 194.817 199.817 204.817 209.817 214.817 219.817 224.817 229.817 234.817 239.817 244.817 249.817 254.817 259.817 264.817 269.817 274.817 279.817 284.817 289.817 294.817
0.000 0.000 0.000 0.000 0.000 0.000 0.000 0.000 0.000 0.000 0.000 0.000 0.000 0.000 0.000 2.746 7.746 12.746 17.746 22.746 27.746 32.746 37.746 42.746 47.746 52.746 57.746 62.746 67.746 72.746 77.746 82.746 87.746 92.746 97.746 102.746 107.746 112.746 117.746 122.746 127.746 132.746 137.746 142.746 147.746 152.746 157.746 162.746 167.746 172.746 177.746 182.746 187.746 192.746 197.746 202.746 207.746 212.746 217.746 222.746 227.746 232.746 237.746 242.746 247.746 252.746 257.746 262.746 267.746 272.746 277.746 282.746 287.746 292.746
0.000 0.000 0.000 0.000 0.000 0.000 0.000 0.000 0.000 0.000 0.000 0.000 0.000 0.000 0.000 0.675 5.675 10.675 15.675 20.675 25.675 30.675 35.675 40.675 45.675 50.675 55.675 60.675 65.675 70.675 75.675 80.675 85.675 90.675 95.675 100.675 105.675 110.675 115.675 120.675 125.675 130.675 135.675 140.675 145.675 150.675 155.675 160.675 165.675 170.675 175.675 180.675 185.675 190.675 195.675 200.675 205.675 210.675 215.675 220.675 225.675 230.675 235.675 240.675 245.675 250.675 255.675 260.675 265.675 270.675 275.675 280.675 285.675 290.675
0.000 0.000 0.000 0.000 0.000 0.000 0.000 0.000 0.000 0.000 0.000 0.000 0.000 0.000 0.000 0.000 3.604 8.604 13.604 18.604 23.604 28.604 33.604 38.604 43.604 48.604 53.604 58.604 63.604 68.604 73.604 78.604 83.604 88.604 93.604 98.604 103.604 108.604 113.604 118.604 123.604 128.604 133.604 138.604 143.604 148.604 153.604 158.604 163.604 168.604 173.604 178.604 183.604 188.604 193.604 198.604 203.604 208.604 213.604 218.604 223.604 228.604 233.604 238.604 243.604 248.604 253.604 258.604 263.604 268.604 273.604 278.604 283.604 288.604
0.000 0.000 0.000 0.000 0.000 0.000 0.000 0.000 0.000 0.000 0.000 0.000 0.000 0.000 0.000 0.000 1.533 6.533 11.533 16.533 21.533 26.533 31.533 36.533 41.533 46.533 51.533 56.533 61.533 66.533 71.533 76.533 81.533 86.533 91.533 96.533 101.533 106.533 111.533 116.533 121.533 126.533 131.533 136.533 141.533 146.533 151.533 156.533 161.533 166.533 171.533 176.533 181.533 186.533 191.533 196.533 201.533 206.533 211.533 216.533 221.533 226.533 231.533 236.533 241.533 246.533 251.533 256.533 261.533 266.533 271.533 276.533 281.533 286.533
0.000 0.000 0.000 0.000 0.000 0.000 0.000 0.000 0.000 0.000 0.000 0.000 0.000 0.000 0.000 0.000 0.000 4.462 9.462 14.462 19.462 24.462 29.462 34.462 39.462 44.462 49.462 54.462 59.462 64.462 69.462 74.462 79.462 84.462 89.462 94.462 99.462 104.462 109.462 114.462 119.462 124.462 129.462 134.462 139.462 144.462 149.462 154.462 159.462 164.462 169.462 174.462 179.462 184.462 189.462 194.462 199.462 204.462 209.462 214.462 219.462 224.462 229.462 234.462 239.462 244.462 249.462 254.462 259.462 264.462 269.462 274.462 279.462 284.462
0.000 0.000 0.000 0.000 0.000 0.000 0.000 0.000 0.000 0.000 0.000 0.000 0.000 0.000 0.000 0.000 0.000 2.391 7.391 12.391 17.391 22.391 27.391 32.391 37.391 42.391 47.391 52.391 57.391 62.391 67.391 72.391 77.391 82.391 87.391 92.391 97.391 102.391 107.391 112.391 117.391 122.391 127.391 132.391 137.391 142.391 147.391 152.391 157.391 162.391 167.391 172.391 177.391 182.391 187.391 192.391 197.391 202.391 207.391 212.391 217.391 222.391 227.391 232.391 237.391 242.391 247.391 252.391 257.391 262.391 267.391 272.391 277.391 282.391
0.000 0.000 0.000 0.000 0.000 0.000 0.000 0.000 0.000 0.000 0.000 0.000 0.000 0.000 0.000 0.000 0.000 0.320 5.320 10.320 15.320 20.320 25.320 30.320 35.320 40.320 45.320 50.320 55.320 60.320 65.320 70.320 75.320 80.320 85.320 90.320 95.320 100.320 105.320 110.320 115.320 120.320 125.320 130.320 135.320 140.320 145.320 150.320 155.320 160.320 165.320 170.320 175.320 180.320 185.320 190.320 195.320 200.320 205.320 210.320 215.320 220.320 225.320 230.320 235.320 240.320 245.320 250.320 255.320 260.320 265.320 270.320 275.320 280.320
0.000 0.000 0.000 0.000 0.000 0.000 0.000 0.000 0.000 0.000 0.000 0.000 0.000 0.000 0.000 0.000 0.000 0.000 3.249 8.249 13.249 18.249 23.249 28.249 33.249 38.249 43.249 48.249 53.249 58.249 63.249 68.249 73.249 78.249 83.249 88.249 93.249 98.249 103.249 108.249 113.249 118.249 123.249 128.249 133.249 138.249 143.249 148.249 153.249 158.249 163.249 168.249 173.249 178.249 183.249 188.249 193.249 198.249 203.249 208.249 213.249 218.249 223.249 228.249 233.249 238.249 243.249 248.249 253.249 258.249 263.249 268.249 273.249 278.249
0.000 0.000 0.000 0.000 0.000 0.000 0.000 0.000 0.000 0.000 0.000 0.000 0.000 0.000 0.000 0.000 0.000 0.000 1.177 6.177 11.177 16.177 21.177 26.177 31.177 36.177 41.177 46.177 51.177 56.177 61.177 66.177 71.177 76.177 81.177 86.177 91.177 96.177 101.177 106.177 111.177 116.177 121.177 126.177 131.177 136.177 141.177 146.177 151.177 156.177 161.177 166.177 171.177 176.177 181.177 186.177 191.177 196.177 201.177 206.177 211.177 216.177 221.177 226.177 231.177 236.177 241.177 246.177 251.177 256.177 261.177 266.177 271.177 276.177
0.000 0.000 0.000 0.000 0.000 0.000 0.000 0.000 0.000 0.000 0.000 0.000 0.000 0.000 0.000 0.000 0.000 0.000 0.000 4.106 9.106 14.106 19.106 24.106 29.106 34.106 39.106 44.106 49.106 54.106 59.106 64.106 69.106 74.106 79.106 84.106 89.106 94.106 99.106 104.106 109.106 114.106 119.106 124.106 129.106 134.106 139.106 144.106 149.106 154.106 159.106 164.106 169.106 174.106 179.106 184.106 189.106 194.106 199.106 204.106 209.106 214.106 219.106 224.106 229.106 234.106 239.106 244.106 249.106 254.106 259.106 264.106 269.106 274.106
0.000 0.000 0.000 0.000 0.000 0.000 0.000 0.000 0.000 0.000 0.000 0.000 0.000 0.000 0.000 0.000 0.000 0.000 0.000 2.035 7.035 12.035 17.035 22.035 27.035 32.035 37.035 42.035 47.035 52.035 57.035 62.035 67.035 72.035 77.035 82.035 87.035 92.035 97.035 102.035 107.035 112.035 117.035 122.035 127.035 132.035 137.035 142.035 147.035 152.035 157.035 162.035 167.035 172.035 177.035 182.035 187.035 192.035 197.035 202.035 207.035 212.035 217.035 222.035 227.035 232.035 237.035 242.035 247.035 252.035 257.035 262.035 267.035 272.035
0.000 0.000 0.000 0.000 0.000 0.000 0.000 0.000 0.000 0.000 0.000 0.000 0.000 0.000 0.000 0.000 0.000 0.000 0.000 0.000 4.964 9.964 14.964 19.964 24.964 29.964 34.964 39.964 44.964 49.964 54.964 59.964 64.964 69.964 74.964 79.964 84.964 89.964 94.964 99.964 104.964 109.964 114.964 119.964 124.964 129.964 134.964 139.964 144.964 149.964 154.964 159.964 164.964 169.964 174.964 179.964 184.964 189.964 194.964 199.964 204.964 209.964 214.964 219.964 224.964 229.964 234.964 239.964 244.964 249.964 254.964 259.964 264.964 269.964
0.000 0.000 0.000 0.000 0.000 0.000 0.000 0.000 0.000 0.000 0.000 0.000 0.000 0.000 0.000 0.000 0.000 0.000 0.000 0.000 2.893 7.893 12.893 17.893 22.893 27.893 32.893 37.893 42.893 47.893 52.893 57.893 62.893 67.893 72.893 77.893 82.893 87.893 92.893 97.893 102.893 107.893 112.893 117.893 122.893 127.893 132.893 137.893 142.893 147.893 152.893 157.893 162.893 167.893 172.893 177.893 182.893 187.893 192.893 197.893 202.893 207.893 212.893 217.893 222.893 227.893 232.893 237.893 242.893 247.893 252.893 257.893 262.893 267.893
0.000 0.000 0.000 0.000 0.000 0.000 0.000 0.000 0.000 0.000 0.000 0.000 0.000 0.000 0.000 0.000 0.000 0.000 0.000 0.000 0.822 5.822 10.822 15.822 20.822 25.822 30.822 35.822 40.822 45.822 50.822 55.822 60.822 65.822 70.822 75.822 80.822 85.822 90.822 95.822 100.822 105.822 110.822 115.822 120.822 125.822 130.822 135.822 140.822 145.822 150.822 155.822 160.822 165.822 170.822 175.822 180.822 185.822 190.822 195.822 200.822 205.822 210.822 215.822 220.822 225.822 230.822 235.822 240.822 245.822 250.822 255.822 260.822 265.822
0.000 0.000 0.000 0.000 0.000 0.000 0.000 0.000 0.000 0.000 0.000 0.000 0.000 0.000 0.000 0.000 0.000 0.000 0.000 0.000 0.000 3.751 8.751 13.751 18.751 23.751 28.751 33.751 38.751 43.751 48.751 53.751 58.751 63.751 68.751 73.751 78.751 83.751 88.751 93.751 98.751 103.751 108.751 113.751 118.751 123.751 128.751 133.751 138.751 143.751 148.751 153.751 158.751 163.751 168.751 173.751 178.751 183.751 188.751 193.751 198.751 203.751 208.751 213.751 218.751 223.751 228.751 233.751 238.751 243.751 248.751 253.751 258.751 263.751
0.000 0.000 0.000 0.000 0.000 0.000 0.000 0.000 0.000 0.000 0.000 0.000 0.000 0.000 0.000 0.000 0.000 0.000 0.000 0.000 0.000 1.680 6.680 11.680 16.680 21.680 26.680 31.680 36.680 41.680 46.680 51.680 56.680 61.680 66.680 71.680 76.680 81.680 86.680 91.680 96.680 101.680 106.680 111.680 116.680 121.680 126.680 131.680 136.680 141.680 146.680 151.680 156.680 161.680 166.680 171.680 176.680 181.680 186.680 191.680 196.680 201.680 206.680 211.680 216.680 221.680 226.680 231.680 236.680 241.680 246.680 251.680 256.680 261.680
0.000 0.000 0.000 0.000 0.000 0.000 0.000 0.000 0.000 0.000 0.000 0.000 0.000 0.000 0.000 0.000 0.000 0.000 0.000 0.000 0.000 0.000 4.609 9.609 14.609 19.609 24.609 29.609 34.609 39.609 44.609 49.609 54.609 59.609 64.609 69.609 74.609 79.609 84.609 89.609 94.609 99.609 104.609 109.609 114.609 119.609 124.609 129.609 134.609 139.609 144.609 149.609 154.609 159.609 164.609 169.609 174.609 179.609 184.609 189.609 194.609 199.609 204.609 209.609 214.609 219.609 224.609 229.609 234.609 239.609 244.609 249.609 254.609 259.609
0.000 0.000 0.000 0.000 0.000 0.000 0.000 0.000 0.000 0.000 0.000 0.000 0.000 0.000 0.000 0.000 0.000 0.000 0.000 0.000 0.000 0.000 2.538 7.538 12.538 17.538 22.538 27.538 32.538 37.538 42.538 47.538 52.538 57.538 62.538 67.538 72.538 77.538 82.538 87.538 92.538 97.538 102.538 107.538 112.538 117.538 122.538 127.538 132.538 137.538 142.538 147.538 152.538 157.538 162.538 167.538 172.538 177.538 182.538 187.538 192.538 197.538 202.538 207.538 212.538 217.538 222.538 227.538 232.538 237.538 242.538 247.538 252.538 0.000
0.000 0.000 0.000 0.000 0.000 0.000 0.000 0.000 0.000 0.000 0.000 0.000 0.000 0.000 0.000 0.000 0.000 0.000 0.000 0.000 0.000 0.000 0.467 5.467 10.467 15.467 20.467 25.467 30.467 35.467 40.467 45.467 50.467 55.467 60.467 65.467 70.467 75.467 80.467 85.467 90.467 95.467 100.467 105.467 110.467 115.467 120.467 125.467 130.467 135.467 140.467 145.467 150.467 155.467 160.467 165.467 170.467 175.467 180.467 185.467 190.467 195.467 200.467 205.467 210.467 215.467 220.467 225.467 230.467 235.467 240.467 245.467 0.000 252.538
0.000 0.000 0.000 0.000 0.000 0.000 0.000 0.000 0.000 0.000 0.000 0.000 0.000 0.000 0.000 0.000 0.000 0.000 0.000 0.000 0.000 0.000 0.000 3.396 8.396 13.396 18.396 23.396 28.396 33.396 38.396 43.396 48.396 53.396 58.396 63.396 68.396 73.396 78.396 83.396 88.396 93.396 98.396 103.396 108.396 113.396 118.396 123.396 128.396 133.396 138.396 143.396 148.396 153.396 158.396 163.396 168.396 173.396 178.396 183.396 188.396 193.396 198.396 203.396 208.396 213.396 218.396 223.396 228.396 233.396 238.396 0.000 245.467 247.538
0.000 0.000 0.000 0.000 0.000 0.000 0.000 0.000 0.000 0.000 0.000 0.000 0.000 0.000 0.000 0.000 0.000 0.000 0.000 0.000 0.000 0.000 0.000 1.325 6.325 11.325 16.325 21.325 26.325 31.325 36.325 41.325 46.325 51.325 56.325 61.325 66.325 71.325 76.325 81.325 86.325 91.325 96.325 101.325 106.325 111.325 116.325 121.325 126.325 131.325 136.325 141.325 146.325 151.325 156.325 161.325 166.325 171.325 176.325 181.325 186.325 191.325 196.325 201.325 206.325 211.325 216.325 221.325 226.325 231.325 0.000 238.396 240.467 242.538
0.000 0.000 0.000 0.000 0.000 0.000 0.000 0.000 0.000 0.000 0.000 0.000 0.000 0.000 0.000 0.000 0.000 0.000 0.000 0.000 0.000 0.000 0.000 0.000 4.254 9.254 14.254 19.254 24.254 29.254 34.254 39.254 44.254 49.254 54.254 59.254 64.254 69.254 74.254 79.254 84.254 89.254 94.254 99.254 104.254 109.254 114.254 119.254 124.254 129.254 134.254 139.254 144.254 149.254 154.254 159.254 164.254 169.254 174.254 179.254 184.254 189.254 194.254 199.254 204.254 209.254 214.254 219.254 224.254 0.000 231.325 233.396 235.467 237.538
0.000 0.000 0.000 0.000 0.000 0.000 0.000 0.000 0.000 0.000 0.000 0.000 0.000 0.000 0.000 0.000 0.000 0.000 0.000 0.000 0.000 0.000 0.000 0.000 2.183 7.183 12.183 17.183 22.183 27.183 32.183 37.183 42.183 47.183 52.183 57.183 62.183 67.183 72.183 77.183 82.183 87.183 92.183 97.183 102.183 107.183 112.183 117.183 122.183 127.183 132.183 137.183 142.183 147.183 152.183 157.183 162.183 167.183 172.183 177.183 182.183 187.183 192.183 197.183 202.183 207.183 212.183 217.183 0.000 224.254 226.325 228.396 230.467 232.538
0.000 0.000 0.000 0.000 0.000 0.000 0.000 0.000 0.000 0.000 0.000 0.000 0.000 0.000 0.000 0.000 0.000 0.000 0.000 0.000 0.000 0.000 0.000 0.000 0.111 5.111 10.111 15.111 20.111 25.111 30.111 35.111 40.111 45.111 50.111 55.111 60.111 65.111 70.111 75.111 80.111 85.111 90.111 95.111 100.111 105.111 110.111 115.111 120.111 125.111 130.111 135.111 140.111 145.111 150.111 155.111 160.111 165.111 170.111 175.111 180.111 185.111 190.111 195.111 200.111 205.111 210.111 0.000 217.183 219.254 221.325 223.396 225.467 227.538
