examples/example2/test_dhm_1.asc
ncols        800 
nrows        800 
xllcenter    0.0
yllcenter    0.0
cellsize     10
NODATA_value -9999.0
[rows 384 to 415 of 800, columns 296 to 369 of 800]
446.863 451.863 456.863 461.863 466.863 471.863 476.863 481.863 486.863 491.863 496.863 501.863 506.863 511.863 516.863 521.863 526.863 531.863 536.863 541.863 546.863 551.863 556.863 561.863 566.863 571.863 576.863 581.863 586.863 591.863 596.863 601.863 606.863 611.863 616.863 621.863 626.863 631.863 636.863 641.863 646.863 651.863 656.863 661.863 666.863 671.863 676.863 681.863 686.863 691.863 696.863 701.863 706.863 711.863 716.863 721.863 726.863 731.863 736.863 741.863 746.863 751.863 756.863 761.863 766.863 771.863 776.863 781.863 786.863 791.863 796.863 801.863 806.863 811.863
448.934 453.934 458.934 463.934 468.934 473.934 478.934 483.934 488.934 493.934 498.934 503.934 508.934 513.934 518.934 523.934 528.934 533.934 538.934 543.934 548.934 553.934 558.934 563.934 568.934 573.934 578.934 583.934 588.934 593.934 598.934 603.934 608.934 613.934 618.934 623.934 628.934 633.934 638.934 643.934 648.934 653.934 658.934 663.934 668.934 673.934 678.934 683.934 688.934 693.934 698.934 703.934 708.934 713.934 718.934 723.934 728.934 733.934 738.934 743.934 748.934 753.934 758.934 763.934 768.934 773.934 778.934 783.934 788.934 793.934 798.934 803.934 808.934 813.934
451.005 456.005 461.005 466.005 471.005 476.005 481.005 486.005 491.005 496.005 501.005 506.005 511.005 516.005 521.005 526.005 531.005 536.005 541.005 546.005 551.005 556.005 561.005 566.005 571.005 576.005 581.005 586.005 591.005 596.005 601.005 606.005 611.005 616.005 621.005 626.005 631.005 636.005 641.005 646.005 651.005 656.005 661.005 666.005 671.005 676.005 681.005 686.005 691.005 696.005 701.005 706.005 711.005 716.005 721.005 726.005 731.005 736.005 741.005 746.005 751.005 756.005 761.005 766.005 771.005 776.005 781.005 786.005 791.005 796.005 801.005 806.005 811.005 816.005
453.076 458.076 463.076 468.076 473.076 478.076 483.076 488.076 493.076 498.076 503.076 508.076 513.076 518.076 523.076 528.076 533.076 538.076 543.076 548.076 553.076 558.076 563.076 568.076 573.076 578.076 583.076 588.076 593.076 598.076 603.076 608.076 613.076 618.076 623.076 628.076 633.076 638.076 643.076 648.076 653.076 658.076 663.076 668.076 673.076 678.076 683.076 688.076 693.076 698.076 703.076 708.076 713.076 718.076 723.076 728.076 733.076 738.076 743.076 748.076 753.076 758.076 763.076 768.076 773.076 778.076 783.076 788.076 793.076 798.076 803.076 808.076 813.076 818.076
455.147 460.147 465.147 470.147 475.147 480.147 485.147 490.147 495.147 500.147 505.147 510.147 515.147 520.147 525.147 530.147 535.147 540.147 545.147 550.147 555.147 560.147 565.147 570.147 575.147 580.147 585.147 590.147 595.147 600.147 605.147 610.147 615.147 620.147 625.147 630.147 635.147 640.147 645.147 650.147 655.147 660.147 665.147 670.147 675.147 680.147 685.147 690.147 695.147 700.147 705.147 710.147 715.147 720.147 725.147 730.147 735.147 740.147 745.147 750.147 755.147 760.147 765.147 770.147 775.147 780.147 785.147 790.147 795.147 800.147 805.147 810.147 815.147 820.147
457.218 462.218 467.218 472.218 477.218 482.218 487.218 492.218 497.218 502.218 507.218 512.218 517.218 522.218 527.218 532.218 537.218 542.218 547.218 552.218 557.218 562.218 567.218 572.218 577.218 582.218 587.218 592.218 597.218 602.218 607.218 612.218 617.218 622.218 627.218 632.218 637.218 642.218 647.218 652.218 657.218 662.218 667.218 672.218 677.218 682.218 687.218 692.218 697.218 702.218 707.218 712.218 717.218 722.218 727.218 732.218 737.218 742.218 747.218 752.218 757.218 762.218 767.218 772.218 777.218 782.218 787.218 792.218 797.218 802.218 807.218 812.218 817.218 822.218
459.289 464.289 469.289 474.289 479.289 484.289 489.289 494.289 499.289 504.289 509.289 514.289 519.289 524.289 529.289 534.289 539.289 544.289 549.289 554.289 559.289 564.289 569.289 574.289 579.289 584.289 589.289 594.289 599.289 604.289 609.289 614.289 619.289 624.289 629.289 634.289 639.289 644.289 649.289 654.289 659.289 664.289 669.289 674.289 679.289 684.289 689.289 694.289 699.289 704.289 709.289 714.289 719.289 724.289 729.289 734.289 739.289 744.289 749.289 754.289 759.289 764.289 769.289 774.289 779.289 784.289 789.289 794.289 799.289 804.289 809.289 814.289 819.289 824.289
461.360 466.360 471.360 476.360 481.360 486.360 491.360 496.360 501.360 506.360 511.360 516.360 521.360 526.360 531.360 536.360 541.360 546.360 551.360 556.360 561.360 566.360 571.360 576.360 581.360 586.360 591.360 596.360 601.360 606.360 611.360 616.360 621.360 626.360 631.360 636.360 641.360 646.360 651.360 656.360 661.360 666.360 671.360 676.360 681.360 686.360 691.360 696.360 701.360 706.360 711.360 716.360 721.360 726.360 731.360 736.360 741.360 746.360 751.360 756.360 761.360 766.360 771.360 776.360 781.360 786.360 791.360 796.360 801.360 806.360 811.360 816.360 821.360 826.360
463.431 468.431 473.431 478.431 483.431 488.431 493.431 498.431 503.431 508.431 513.431 518.431 523.431 528.431 533.431 538.431 543.431 548.431 553.431 558.431 563.431 568.431 573.431 578.431 583.431 588.431 593.431 598.431 603.431 608.431 613.431 618.431 623.431 628.431 633.431 638.431 643.431 648.431 653.431 658.431 663.431 668.431 673.431 678.431 683.431 688.431 693.431 698.431 703.431 708.431 713.431 718.431 723.431 728.431 733.431 738.431 743.431 748.431 753.431 758.431 763.431 768.431 773.431 778.431 783.431 788.431 793.431 798.431 803.431 808.431 813.431 818.431 823.431 828.431
465.503 470.503 475.503 480.503 485.503 490.503 495.503 500.503 505.503 510.503 515.503 520.503 525.503 530.503 535.503 540.503 545.503 550.503 555.503 560.503 565.503 570.503 575.503 580.503 585.503 590.503 595.503 600.503 605.503 610.503 615.503 620.503 625.503 630.503 635.503 640.503 645.503 650.503 655.503 660.503 665.503 670.503 675.503 680.503 685.503 690.503 695.503 700.503 705.503 710.503 715.503 720.503 725.503 730.503 735.503 740.503 745.503 750.503 755.503 760.503 765.503 770.503 775.503 780.503 785.503 790.503 795.503 800.503 805.503 810.503 815.503 820.503 825.503 830.503
467.574 472.574 477.574 482.574 487.574 492.574 497.574 502.574 507.574 512.574 517.574 522.574 527.574 532.574 537.574 542.574 547.574 552.574 557.574 562.574 567.574 572.574 577.574 582.574 587.574 592.574 597.574 602.574 607.574 612.574 617.574 622.574 627.574 632.574 637.574 642.574 647.574 652.574 657.574 662.574 667.574 672.574 677.574 682.574 687.574 692.574 697.574 702.574 707.574 712.574 717.574 722.574 727.574 732.574 737.574 742.574 747.574 752.574 757.574 762.574 767.574 772.574 777.574 782.574 787.574 792.574 797.574 802.574 807.574 812.574 817.574 822.574 827.574 832.574
469.645 474.645 479.645 484.645 489.645 494.645 499.645 504.645 509.645 514.645 519.645 524.645 529.645 534.645 539.645 544.645 549.645 554.645 559.645 564.645 569.645 574.645 579.645 584.645 589.645 594.645 599.645 604.645 609.645 614.645 619.645 624.645 629.645 634.645 639.645 644.645 649.645 654.645 659.645 664.645 669.645 674.645 679.645 684.645 689.645 694.645 699.645 704.645 709.645 714.645 719.645 724.645 729.645 734.645 739.645 744.645 749.645 754.645 759.645 764.645 769.645 774.645 779.645 784.645 789.645 794.645 799.645 804.645 809.645 814.645 819.645 824.645 829.645 834.645
471.716 476.716 481.716 486.716 491.716 496.716 501.716 506.716 511.716 516.716 521.716 526.716 531.716 536.716 541.716 546.716 551.716 556.716 561.716 566.716 571.716 576.716 581.716 586.716 591.716 596.716 601.716 606.716 611.716 616.716 621.716 626.716 631.716 636.716 641.716 646.716 651.716 656.716 661.716 666.716 671.716 676.716 681.716 686.716 691.716 696.716 701.716 706.716 711.716 716.716 721.716 726.716 731.716 736.716 741.716 746.716 751.716 756.716 761.716 766.716 771.716 776.716 781.716 786.716 791.716 796.716 801.716 806.716 811.716 816.716 821.716 826.716 831.716 836.716
473.787 478.787 483.787 488.787 493.787 498.787 503.787 508.787 513.787 518.787 523.787 528.787 533.787 538.787 543.787 548.787 553.787 558.787 563.787 568.787 573.787 578.787 583.787 588.787 593.787 598.787 603.787 608.787 613.787 618.787 623.787 628.787 633.787 638.787 643.787 648.787 653.787 658.787 663.787 668.787 673.787 678.787 683.787 688.787 693.787 698.787 703.787 708.787 713.787 718.787 723.787 728.787 733.787 738.787 743.787 748.787 753.787 758.787 763.787 768.787 773.787 778.787 783.787 788.787 793.787 798.787 803.787 808.787 813.787 818.787 823.787 828.787 833.787 838.787
475.858 480.858 485.858 490.858 495.858 500.858 505.858 510.858 515.858 520.858 525.858 530.858 535.858 540.858 545.858 550.858 555.858 560.858 565.858 570.858 575.858 580.858 585.858 590.858 595.858 600.858 605.858 610.858 615.858 620.858 625.858 630.858 635.858 640.858 645.858 650.858 655.858 660.858 665.858 670.858 675.858 680.858 685.858 690.858 695.858 700.858 705.858 710.858 715.858 720.858 725.858 730.858 735.858 740.858 745.858 750.858 755.858 760.858 765.858 770.858 775.858 780.858 785.858 790.858 795.858 800.858 805.858 810.858 815.858 820.858 825.858 830.858 835.858 840.858
477.929 482.929 487.929 492.929 497.929 502.929 507.929 512.929 517.929 522.929 527.929 532.929 537.929 542.929 547.929 552.929 557.929 562.929 567.929 572.929 577.929 582.929 587.929 592.929 597.929 602.929 607.929 612.929 617.929 622.929 627.929 632.929 637.929 642.929 647.929 652.929 657.929 662.929 667.929 672.929 677.929 682.929 687.929 692.929 697.929 702.929 707.929 712.929 717.929 722.929 727.929 732.929 737.929 742.929 747.929 752.929 757.929 762.929 767.929 772.929 777.929 782.929 787.929 792.929 797.929 802.929 807.929 812.929 817.929 822.929 827.929 832.929 837.929 842.929
0.000 0.000 0.000 0.000 0.000 0.000 0.000 0.000 0.000 0.000 0.000 0.000 0.000 0.000 0.000 0.000 0.000 0.000 0.000 0.000 0.000 0.000 0.000 0.000 0.000 0.000 0.000 0.000 0.000 0.000 0.000 0.000 0.000 0.000 0.000 0.000 0.000 0.000 0.000 0.000 0.000 0.000 0.000 0.000 0.000 0.000 0.000 0.000 0.000 0.000 0.000 0.000 0.000 0.000 0.000 0.000 0.000 0.000 0.000 0.000 0.000 0.000 0.000 0.000 0.000 0.000 0.000 0.000 0.000 0.000 0.000 0.000 0.000 0.000
477.929 482.929 487.929 492.929 497.929 502.929 507.929 512.929 517.929 522.929 527.929 532.929 537.929 542.929 547.929 552.929 557.929 562.929 567.929 572.929 577.929 582.929 587.929 592.929 597.929 602.929 607.929 612.929 617.929 622.929 627.929 632.929 637.929 642.929 647.929 652.929 657.929 662.929 667.929 672.929 677.929 682.929 687.929 692.929 697.929 702.929 707.929 712.929 717.929 722.929 727.929 732.929 737.929 742.929 747.929 752.929 757.929 762.929 767.929 772.929 777.929 782.929 787.929 792.929 797.929 802.929 807.929 812.929 817.929 822.929 827.929 832.929 837.929 842.929
475.858 480.858 485.858 490.858 495.858 500.858 505.858 510.858 515.858 520.858 525.858 530.858 535.858 540.858 545.858 550.858 555.858 560.858 565.858 570.858 575.858 580.858 585.858 590.858 595.858 600.858 605.858 610.858 615.858 620.858 625.858 630.858 635.858 640.858 645.858 650.858 655.858 660.858 665.858 670.858 675.858 680.858 685.858 690.858 695.858 700.858 705.858 710.858 715.858 720.858 725.858 730.858 735.858 740.858 745.858 750.858 755.858 760.858 765.858 770.858 775.858 780.858 785.858 790.858 795.858 800.858 805.858 810.858 815.858 820.858 825.858 830.858 835.858 840.858
473.787 478.787 483.787 488.787 493.787 498.787 503.787 508.787 513.787 518.787 523.787 528.787 533.787 538.787 543.787 548.787 553.787 558.787 563.787 568.787 573.787 578.787 583.787 588.787 593.787 598.787 603.787 608.787 613.787 618.787 623.787 628.787 633.787 638.787 643.787 648.787 653.787 658.787 663.787 668.787 673.787 678.787 683.787 688.787 693.787 698.787 703.787 708.787 713.787 718.787 723.787 728.787 733.787 738.787 743.787 748.787 753.787 758.787 763.787 768.787 773.787 778.787 783.787 788.787 793.787 798.787 803.787 808.787 813.787 818.787 823.787 828.787 833.787 838.787
471.716 476.716 481.716 486.716 491.716 496.716 501.716 506.716 511.716 516.716 521.716 526.716 531.716 536.716 541.716 546.716 551.716 556.716 561.716 566.716 571.716 576.716 581.716 586.716 591.716 596.716 601.716 606.716 611.716 616.716 621.716 626.716 631.716 636.716 641.716 646.716 651.716 656.716 661.716 666.716 671.716 676.716 681.716 686.716 691.716 696.716 701.716 706.716 711.716 716.716 721.716 726.716 731.716 736.716 741.716 746.716 751.716 756.716 761.716 766.716 771.716 776.716 781.716 786.716 791.716 796.716 801.716 806.716 811.716 816.716 821.716 826.716 831.716 836.716
469.645 474.645 479.645 484.645 489.645 494.645 499.645 504.645 509.645 514.645 519.645 524.645 529.645 534.645 539.645 544.645 549.645 554.645 559.645 564.645 569.645 574.645 579.645 584.645 589.645 594.645 599.645 604.645 609.645 614.645 619.645 624.645 629.645 634.645 639.645 644.645 649.645 654.645 659.645 664.645 669.645 674.645 679.645 684.645 689.645 694.645 699.645 704.645 709.645 714.645 719.645 724.645 729.645 734.645 739.645 744.645 749.645 754.645 759.645 764.645 769.645 774.645 779.645 784.645 789.645 794.645 799.645 804.645 809.645 814.645 819.645 824.645 829.645 834.645
467.574 472.574 477.574 482.574 487.574 492.574 497.574 502.574 507.574 512.574 517.574 522.574 527.574 532.574 537.574 542.574 547.574 552.574 557.574 562.574 567.574 572.574 577.574 582.574 587.574 592.574 597.574 602.574 607.574 612.574 617.574 622.574 627.574 632.574 637.574 642.574 647.574 652.574 657.574 662.574 667.574 672.574 677.574 682.574 687.574 692.574 697.574 702.574 707.574 712.574 717.574 722.574 727.574 732.574 737.574 742.574 747.574 752.574 757.574 762.574 767.574 772.574 777.574 782.574 787.574 792.574 797.574 802.574 807.574 812.574 817.574 822.574 827.574 832.574
465.503 470.503 475.503 480.503 485.503 490.503 495.503 500.503 505.503 510.503 515.503 520.503 525.503 530.503 535.503 540.503 545.503 550.503 555.503 560.503 565.503 570.503 575.503 580.503 585.503 590.503 595.503 600.503 605.503 610.503 615.503 620.503 625.503 630.503 635.503 640.503 645.503 650.503 655.503 660.503 665.503 670.503 675.503 680.503 685.503 690.503 695.503 700.503 705.503 710.503 715.503 720.503 725.503 730.503 735.503 740.503 745.503 750.503 755.503 760.503 765.503 770.503 775.503 780.503 785.503 790.503 795.503 800.503 805.503 810.503 815.503 820.503 825.503 830.503
463.431 468.431 473.431 478.431 483.431 488.431 493.431 498.431 503.431 508.431 513.431 518.431 523.431 528.431 533.431 538.431 543.431 548.431 553.431 558.431 563.431 568.431 573.431 578.431 583.431 588.431 593.431 598.431 603.431 608.431 613.431 618.431 623.431 628.431 633.431 638.431 643.431 648.431 653.431 658.431 663.431 668.431 673.431 678.431 683.431 688.431 693.431 698.431 703.431 708.431 713.431 718.431 723.431 728.431 733.431 738.431 743.431 748.431 753.431 758.431 763.431 768.431 773.431 778.431 783.431 788.431 793.431 798.431 803.431 808.431 813.431 818.431 823.431 828.431
461.360 466.360 471.360 476.360 481.360 486.360 491.360 496.360 501.360 506.360 511.360 516.360 521.360 526.360 531.360 536.360 541.360 546.360 551.360 556.360 561.360 566.360 571.360 576.360 581.360 586.360 591.360 596.360 601.360 606.360 611.360 616.360 621.360 626.360 631.360 636.360 641.360 646.360 651.360 656.360 661.360 666.360 671.360 676.360 681.360 686.360 691.360 696.360 701.360 706.360 711.360 716.360 721.360 726.360 731.360 736.360 741.360 746.360 751.360 756.360 761.360 766.360 771.360 776.360 781.360 786.360 791.360 796.360 801.360 806.360 811.360 816.360 821.360 826.360
459.289 464.289 469.289 474.289 479.289 484.289 489.289 494.289 499.289 504.289 509.289 514.289 519.289 524.289 529.289 534.289 539.289 544.289 549.289 554.289 559.289 564.289 569.289 574.289 579.289 584.289 589.289 594.289 599.289 604.289 609.289 614.289 619.289 624.289 629.289 634.289 639.289 644.289 649.289 654.289 659.289 664.289 669.289 674.289 679.289 684.289 689.289 694.289 699.289 704.289 709.289 714.289 719.289 724.289 729.289 734.289 739.289 744.289 749.289 754.289 759.289 764.289 769.289 774.289 779.289 784.289 789.289 794.289 799.289 804.289 809.289 814.289 819.289 824.289
457.218 462.218 467.218 472.218 477.218 482.218 487.218 492.218 497.218 502.218 507.218 512.218 517.218 522.218 527.218 532.218 537.218 542.218 547.218 552.218 557.218 562.218 567.218 572.218 577.218 582.218 587.218 592.218 597.218 602.218 607.218 612.218 617.218 622.218 627.218 632.218 637.218 642.218 647.218 652.218 657.218 662.218 667.218 672.218 677.218 682.218 687.218 692.218 697.218 702.218 707.218 712.218 717.218 722.218 727.218 732.218 737.218 742.218 747.218 752.218 757.218 762.218 767.218 772.218 777.218 782.218 787.218 792.218 797.218 802.218 807.218 812.218 817.218 822.218
455.147 460.147 465.147 470.147 475.147 480.147 485.147 490.147 495.147 500.147 505.147 510.147 515.147 520.147 525.147 530.147 535.147 540.147 545.147 550.147 555.147 560.147 565.147 570.147 575.147 580.147 585.147 590.147 595.147 600.147 605.147 610.147 615.147 620.147 625.147 630.147 635.147 640.147 645.147 650.147 655.147 660.147 665.147 670.147 675.147 680.147 685.147 690.147 695.147 700.147 705.147 710.147 715.147 720.147 725.147 730.147 735.147 740.147 745.147 750.147 755.147 760.147 765.147 770.147 775.147 780.147 785.147 790.147 795.147 800.147 805.147 810.147 815.147 820.147
453.076 458.076 463.076 468.076 473.076 478.076 483.076 488.076 493.076 498.076 503.076 508.076 513.076 518.076 523.076 528.076 533.076 538.076 543.076 548.076 553.076 558.076 563.076 568.076 573.076 578.076 583.076 588.076 593.076 598.076 603.076 608.076 613.076 618.076 623.076 628.076 633.076 638.076 643.076 648.076 653.076 658.076 663.076 668.076 673.076 678.076 683.076 688.076 693.076 698.076 703.076 708.076 713.076 718.076 723.076 728.076 733.076 738.076 743.076 748.076 753.076 758.076 763.076 768.076 773.076 778.076 783.076 788.076 793.076 798.076 803.076 808.076 813.076 818.076
451.005 456.005 461.005 466.005 471.005 476.005 481.005 486.005 491.005 496.005 501.005 506.005 511.005 516.005 521.005 526.005 531.005 536.005 541.005 546.005 551.005 556.005 561.005 566.005 571.005 576.005 581.005 586.005 591.005 596.005 601.005 606.005 611.005 616.005 621.005 626.005 631.005 636.005 641.005 646.005 651.005 656.005 661.005 666.005 671.005 676.005 681.005 686.005 691.005 696.005 701.005 706.005 711.005 716.005 721.005 726.005 731.005 736.005 741.005 746.005 751.005 756.005 761.005 766.005 771.005 776.005 781.005 786.005 791.005 796.005 801.005 806.005 811.005 816.005
448.934 453.934 458.934 463.934 468.934 473.934 478.934 483.934 488.934 493.934 498.934 503.934 508.934 513.934 518.934 523.934 528.934 533.934 538.934 543.934 548.934 553.934 558.934 563.934 568.934 573.934 578.934 583.934 588.934 593.934 598.934 603.934 608.934 613.934 618.934 623.934 628.934 633.934 638.934 643.934 648.934 653.934 658.934 663.934 668.934 673.934 678.934 683.934 688.934 693.934 698.934 703.934 708.934 713.934 718.934 723.934 728.934 733.934 738.934 743.934 748.934 753.934 758.934 763.934 768.934 773.934 778.934 783.934 788.934 793.934 798.934 803.934 808.934 813.934
