examples/example2/test_dhm_1.asc
ncols        800 
nrows        800 
xllcenter    0.0
yllcenter    0.0
cellsize     10
NODATA_value -9999.0
[rows 224 to 255 of 800, columns 444 to 517 of 800]
28.873 26.802 24.731 22.660 20.589 18.518 16.447 14.376 12.304 10.233 8.162 6.091 4.020 1.949 0.000 0.000 0.000 0.000 0.000 0.000 0.000 0.000 0.000 0.000 0.000 0.000 0.000 0.000 0.000 0.000 0.000 0.000 0.000 0.000 0.000 0.000 0.000 0.000 0.000 0.000 0.000 0.000 0.000 0.000 0.000 0.000 0.000 0.000 0.000 0.000 0.000 0.000 0.000 0.000 0.000 0.000 0.000 0.000 0.000 0.000 0.000 0.000 0.000 0.000 0.000 0.000 0.000 0.000 0.000 0.000 0.000 0.000 0.000 0.000
33.873 31.802 29.731 27.660 25.589 23.518 21.447 19.376 17.304 15.233 13.162 11.091 9.020 6.949 4.878 2.807 0.736 0.000 0.000 0.000 0.000 0.000 0.000 0.000 0.000 0.000 0.000 0.000 0.000 0.000 0.000 0.000 0.000 0.000 0.000 0.000 0.000 0.000 0.000 0.000 0.000 0.000 0.000 0.000 0.000 0.000 0.000 0.000 0.000 0.000 0.000 0.000 0.000 0.000 0.000 0.000 0.000 0.000 0.000 0.000 0.000 0.000 0.000 0.000 0.000 0.000 0.000 0.000 0.000 0.000 0.000 0.000 0.000 0.000
38.873 36.802 34.731 32.660 30.589 28.518 26.447 24.376 22.304 20.233 18.162 16.091 14.020 11.949 9.878 7.807 5.736 3.665 1.594 0.000 0.000 0.000 0.000 0.000 0.000 0.000 0.000 0.000 0.000 0.000 0.000 0.000 0.000 0.000 0.000 0.000 0.000 0.000 0.000 0.000 0.000 0.000 0.000 0.000 0.000 0.000 0.000 0.000 0.000 0.000 0.000 0.000 0.000 0.000 0.000 0.000 0.000 0.000 0.000 0.000 0.000 0.000 0.000 0.000 0.000 0.000 0.000 0.000 0.000 0.000 0.000 0.000 0.000 0.000
43.873 41.802 39.731 37.660 35.589 33.518 31.447 29.376 27.304 25.233 23.162 21.091 19.020 16.949 14.878 12.807 10.736 8.665 6.594 4.523 2.452 0.381 0.000 0.000 0.000 0.000 0.000 0.000 0.000 0.000 0.000 0.000 0.000 0.000 0.000 0.000 0.000 0.000 0.000 0.000 0.000 0.000 0.000 0.000 0.000 0.000 0.000 0.000 0.000 0.000 0.000 0.000 0.000 0.000 0.000 0.000 0.000 0.000 0.000 0.000 0.000 0.000 0.000 0.000 0.000 0.000 0.000 0.000 0.000 0.000 0.000 0.000 0.000 0.000
48.873 46.802 44.731 42.660 40.589 38.518 36.447 34.376 32.304 30.233 28.162 26.091 24.020 21.949 19.878 17.807 15.736 13.665 11.594 9.523 7.452 5.381 3.310 1.238 0.000 0.000 0.000 0.000 0.000 0.000 0.000 0.000 0.000 0.000 0.000 0.000 0.000 0.000 0.000 0.000 0.000 0.000 0.000 0.000 0.000 0.000 0.000 0.000 0.000 0.000 0.000 0.000 0.000 0.000 0.000 0.000 0.000 0.000 0.000 0.000 0.000 0.000 0.000 0.000 0.000 0.000 0.000 0.000 0.000 0.000 0.000 0.000 0.000 0.000
53.873 51.802 49.731 47.660 45.589 43.518 41.447 39.376 37.304 35.233 33.162 31.091 29.020 26.949 24.878 22.807 20.736 18.665 16.594 14.523 12.452 10.381 8.310 6.238 4.167 2.096 0.025 0.000 0.000 0.000 0.000 0.000 0.000 0.000 0.000 0.000 0.000 0.000 0.000 0.000 0.000 0.000 0.000 0.000 0.000 0.000 0.000 0.000 0.000 0.000 0.000 0.000 0.000 0.000 0.000 0.000 0.000 0.000 0.000 0.000 0.000 0.000 0.000 0.000 0.000 0.000 0.000 0.000 0.000 0.000 0.000 0.000 0.000 0.000
58.873 56.802 54.731 52.660 50.589 48.518 46.447 44.376 42.304 40.233 38.162 36.091 34.020 31.949 29.878 27.807 25.736 23.665 21.594 19.523 17.452 15.381 13.310 11.238 9.167 7.096 5.025 2.954 0.883 0.000 0.000 0.000 0.000 0.000 0.000 0.000 0.000 0.000 0.000 0.000 0.000 0.000 0.000 0.000 0.000 0.000 0.000 0.000 0.000 0.000 0.000 0.000 0.000 0.000 0.000 0.000 0.000 0.000 0.000 0.000 0.000 0.000 0.000 0.000 0.000 0.000 0.000 0.000 0.000 0.000 0.000 0.000 0.000 0.000
63.873 61.802 59.731 57.660 55.589 53.518 51.447 49.376 47.304 45.233 43.162 41.091 39.020 36.949 34.878 32.807 30.736 28.665 26.594 24.523 22.452 20.381 18.310 16.238 14.167 12.096 10.025 7.954 5.883 3.812 1.741 0.000 0.000 0.000 0.000 0.000 0.000 0.000 0.000 0.000 0.000 0.000 0.000 0.000 0.000 0.000 0.000 0.000 0.000 0.000 0.000 0.000 0.000 0.000 0.000 0.000 0.000 0.000 0.000 0.000 0.000 0.000 0.000 0.000 0.000 0.000 0.000 0.000 0.000 0.000 0.000 0.000 0.000 0.000
68.873 66.802 64.731 62.660 60.589 58.518 56.447 54.376 52.304 50.233 48.162 46.091 44.020 41.949 39.878 37.807 35.736 33.665 31.594 29.523 27.452 25.381 23.310 21.238 19.167 17.096 15.025 12.954 10.883 8.812 6.741 4.670 2.599 0.528 0.000 0.000 0.000 0.000 0.000 0.000 0.000 0.000 0.000 0.000 0.000 0.000 0.000 0.000 0.000 0.000 0.000 0.000 0.000 0.000 0.000 0.000 0.000 0.000 0.000 0.000 0.000 0.000 0.000 0.000 0.000 0.000 0.000 0.000 0.000 0.000 0.000 0.000 0.000 0.000
73.873 71.802 69.731 67.660 65.589 63.518 61.447 59.376 57.304 55.233 53.162 51.091 49.020 46.949 44.878 42.807 40.736 38.665 36.594 34.523 32.452 30.381 28.310 26.238 24.167 22.096 20.025 17.954 15.883 13.812 11.741 9.670 7.599 5.528 3.457 1.386 0.000 0.000 0.000 0.000 0.000 0.000 0.000 0.000 0.000 0.000 0.000 0.000 0.000 0.000 0.000 0.000 0.000 0.000 0.000 0.000 0.000 0.000 0.000 0.000 0.000 0.000 0.000 0.000 0.000 0.000 0.000 0.000 0.000 0.000 0.000 0.000 0.000 0.000
78.873 76.802 74.731 72.660 70.589 68.518 66.447 64.376 62.304 60.233 58.162 56.091 54.020 51.949 49.878 47.807 45.736 43.665 41.594 39.523 37.452 35.381 33.310 31.238 29.167 27.096 25.025 22.954 20.883 18.812 16.741 14.670 12.599 10.528 8.457 6.386 4.315 2.244 0.172 0.000 0.000 0.000 0.000 0.000 0.000 0.000 0.000 0.000 0.000 0.000 0.000 0.000 0.000 0.000 0.000 0.000 0.000 0.000 0.000 0.000 0.000 0.000 0.000 0.000 0.000 0.000 0.000 0.000 0.000 0.000 0.000 0.000 0.000 0.000
83.873 81.802 79.731 77.660 75.589 73.518 71.447 69.376 67.304 65.233 63.162 61.091 59.020 56.949 54.878 52.807 50.736 48.665 46.594 44.523 42.452 40.381 38.310 36.238 34.167 32.096 30.025 27.954 25.883 23.812 21.741 19.670 17.599 15.528 13.457 11.386 9.315 7.244 5.172 3.101 1.030 0.000 0.000 0.000 0.000 0.000 0.000 0.000 0.000 0.000 0.000 0.000 0.000 0.000 0.000 0.000 0.000 0.000 0.000 0.000 0.000 0.000 0.000 0.000 0.000 0.000 0.000 0.000 0.000 0.000 0.000 0.000 0.000 0.000
88.873 86.802 84.731 82.660 80.589 78.518 76.447 74.376 72.304 70.233 68.162 66.091 64.020 61.949 59.878 57.807 55.736 53.665 51.594 49.523 47.452 45.381 43.310 41.238 39.167 37.096 35.025 32.954 30.883 28.812 26.741 24.670 22.599 20.528 18.457 16.386 14.315 12.244 10.172 8.101 6.030 3.959 1.888 0.000 0.000 0.000 0.000 0.000 0.000 0.000 0.000 0.000 0.000 0.000 0.000 0.000 0.000 0.000 0.000 0.000 0.000 0.000 0.000 0.000 0.000 0.000 0.000 0.000 0.000 0.000 0.000 0.000 0.000 0.000
93.873 91.802 89.731 87.660 85.589 83.518 81.447 79.376 77.304 75.233 73.162 71.091 69.020 66.949 64.878 62.807 60.736 58.665 56.594 54.523 52.452 50.381 48.310 46.238 44.167 42.096 40.025 37.954 35.883 33.812 31.741 29.670 27.599 25.528 23.457 21.386 19.315 17.244 15.172 13.101 11.030 8.959 6.888 4.817 2.746 0.675 0.000 0.000 0.000 0.000 0.000 0.000 0.000 0.000 0.000 0.000 0.000 0.000 0.000 0.000 0.000 0.000 0.000 0.000 0.000 0.000 0.000 0.000 0.000 0.000 0.000 0.000 0.000 0.000
98.873 96.802 94.731 92.660 90.589 88.518 86.447 84.376 82.304 80.233 78.162 76.091 74.020 71.949 69.878 67.807 65.736 63.665 61.594 59.523 57.452 55.381 53.310 51.238 49.167 47.096 45.025 42.954 40.883 38.812 36.741 34.670 32.599 30.528 28.457 26.386 24.315 22.244 20.172 18.101 16.030 13.959 11.888 9.817 7.746 5.675 3.604 1.533 0.000 0.000 0.000 0.000 0.000 0.000 0.000 0.000 0.000 0.000 0.000 0.000 0.000 0.000 0.000 0.000 0.000 0.000 0.000 0.000 0.000 0.000 0.000 0.000 0.000 0.000
103.873 101.802 99.731 97.660 95.589 93.518 91.447 89.376 87.304 85.233 83.162 81.091 79.020 76.949 74.878 72.807 70.736 68.665 66.594 64.523 62.452 60.381 58.310 56.238 54.167 52.096 50.025 47.954 45.883 43.812 41.741 39.670 37.599 35.528 33.457 31.386 29.315 27.244 25.172 23.101 21.030 18.959 16.888 14.817 12.746 10.675 8.604 6.533 4.462 2.391 0.320 0.000 0.000 0.000 0.000 0.000 0.000 0.000 0.000 0.000 0.000 0.000 0.000 0.000 0.000 0.000 0.000 0.000 0.000 0.000 0.000 0.000 0.000 0.000
108.873 106.802 104.731 102.660 100.589 98.518 96.447 94.376 92.304 90.233 88.162 86.091 84.020 81.949 79.878 77.807 75.736 73.665 71.594 69.523 67.452 65.381 63.310 61.238 59.167 57.096 55.025 52.954 50.883 48.812 46.741 44.670 42.599 40.528 38.457 36.386 34.315 32.244 30.172 28.101 26.030 23.959 21.888 19.817 17.746 15.675 13.604 11.533 9.462 7.391 5.320 3.249 1.177 0.000 0.000 0.000 0.000 0.000 0.000 0.000 0.000 0.000 0.000 0.000 0.000 0.000 0.000 0.000 0.000 0.000 0.000 0.000 0.000 0.000
113.873 111.802 109.731 107.660 105.589 103.518 101.447 99.376 97.304 95.233 93.162 91.091 89.020 86.949 84.878 82.807 80.736 78.665 76.594 74.523 72.452 70.381 68.310 66.238 64.167 62.096 60.025 57.954 55.883 53.812 51.741 49.670 47.599 45.528 43.457 41.386 39.315 37.244 35.172 33.101 31.030 28.959 26.888 24.817 22.746 20.675 18.604 16.533 14.462 12.391 10.320 8.249 6.177 4.106 2.035 0.000 0.000 0.000 0.000 0.000 0.000 0.000 0.000 0.000 0.000 0.000 0.000 0.000 0.000 0.000 0.000 0.000 0.000 0.000
118.873 116.802 114.731 112.660 110.589 108.518 106.447 104.376 102.304 100.233 98.162 96.091 94.020 91.949 89.878 87.807 85.736 83.665 81.594 79.523 77.452 75.381 73.310 71.238 69.167 67.096 65.025 62.954 60.883 58.812 56.741 54.670 52.599 50.528 48.457 46.386 44.315 42.244 40.172 38.101 36.030 33.959 31.888 29.817 27.746 25.675 23.604 21.533 19.462 17.391 15.320 13.249 11.177 9.106 7.035 4.964 2.893 0.822 0.000 0.000 0.000 0.000 0.000 0.000 0.000 0.000 0.000 0.000 0.000 0.000 0.000 0.000 0.000 0.000
123.873 121.802 119.731 117.660 115.589 113.518 111.447 109.376 107.304 105.233 103.162 101.091 99.020 96.949 94.878 92.807 90.736 88.665 86.594 84.523 82.452 80.381 78.310 76.238 74.167 72.096 70.025 67.954 65.883 63.812 61.741 59.670 57.599 55.528 53.457 51.386 49.315 47.244 45.172 43.101 41.030 38.959 36.888 34.817 32.746 30.675 28.604 26.533 24.462 22.391 20.320 18.249 16.177 14.106 12.035 9.964 7.893 5.822 3.751 1.680 0.000 0.000 0.000 0.000 0.000 0.000 0.000 0.000 0.000 0.000 0.000 0.000 0.000 0.000
128.873 126.802 124.731 122.660 120.589 118.518 116.447 114.376 112.304 110.233 108.162 106.091 104.020 101.949 99.878 97.807 95.736 93.665 91.594 89.523 87.452 85.381 83.310 81.238 79.167 77.096 75.025 72.954 70.883 68.812 66.741 64.670 62.599 60.528 58.457 56.386 54.315 52.244 50.172 48.101 46.030 43.959 41.888 39.817 37.746 35.675 33.604 31.533 29.462 27.391 25.320 23.249 21.177 19.106 17.035 14.964 12.893 10.822 8.751 6.680 4.609 2.538 0.467 0.000 0.000 0.000 0.000 0.000 0.000 0.000 0.000 0.000 0.000 0.000
133.873 131.802 129.731 127.660 125.589 123.518 121.447 119.376 117.304 115.233 113.162 111.091 109.020 106.949 104.878 102.807 100.736 98.665 96.594 94.523 92.452 90.381 88.310 86.238 84.167 82.096 80.025 77.954 75.883 73.812 71.741 69.670 67.599 65.528 63.457 61.386 59.315 57.244 55.172 53.101 51.030 48.959 46.888 44.817 42.746 40.675 38.604 36.533 34.462 32.391 30.320 28.249 26.177 24.106 22.035 19.964 17.893 15.822 13.751 11.680 9.609 7.538 5.467 3.396 1.325 0.000 0.000 0.000 0.000 0.000 0.000 0.000 0.000 0.000
138.873 136.802 134.731 132.660 130.589 128.518 126.447 124.376 122.304 120.233 118.162 116.091 114.020 111.949 109.878 107.807 105.736 103.665 101.594 99.523 97.452 95.381 93.310 91.238 89.167 87.096 85.025 82.954 80.883 78.812 76.741 74.670 72.599 70.528 68.457 66.386 64.315 62.244 60.172 58.101 56.030 53.959 51.888 49.817 47.746 45.675 43.604 41.533 39.462 37.391 35.320 33.249 31.177 29.106 27.035 24.964 22.893 20.822 18.751 16.680 14.609 12.538 10.467 8.396 6.325 4.254 2.183 0.111 0.000 0.000 0.000 0.000 0.000 0.000
143.873 141.802 139.731 137.660 135.589 133.518 131.447 129.376 127.304 125.233 123.162 121.091 119.020 116.949 114.878 112.807 110.736 108.665 106.594 104.523 102.452 100.381 98.310 96.238 94.167 92.096 90.025 87.954 85.883 83.812 81.741 79.670 77.599 75.528 73.457 71.386 69.315 67.244 65.172 63.101 61.030 58.959 56.888 54.817 52.746 50.675 48.604 46.533 44.462 42.391 40.320 38.249 36.177 34.106 32.035 29.964 27.893 25.822 23.751 21.680 19.609 17.538 15.467 13.396 11.325 9.254 7.183 5.111 3.040 0.969 0.000 0.000 0.000 0.000
148.873 146.802 144.731 142.660 140.589 138.518 136.447 134.376 132.304 130.233 128.162 126.091 124.020 121.949 119.878 117.807 115.736 113.665 111.594 109.523 107.452 105.381 103.310 101.238 99.167 97.096 95.025 92.954 90.883 88.812 86.741 84.670 82.599 80.528 78.457 76.386 74.315 72.244 70.172 68.101 66.030 63.959 61.888 59.817 57.746 55.675 53.604 51.533 49.462 47.391 45.320 43.249 41.177 39.106 37.035 34.964 32.893 30.822 28.751 26.680 24.609 22.538 20.467 18.396 16.325 14.254 12.183 10.111 8.040 5.969 3.898 1.827 0.000 0.000
153.873 151.802 149.731 147.660 145.589 143.518 141.447 139.376 137.304 135.233 133.162 131.091 129.020 126.949 124.878 122.807 120.736 118.665 116.594 114.523 112.452 110.381 108.310 106.238 104.167 102.096 100.025 97.954 95.883 93.812 91.741 89.670 87.599 85.528 83.457 81.386 79.315 77.244 75.172 73.101 71.030 68.959 66.888 64.817 62.746 60.675 58.604 56.533 54.462 52.391 50.320 48.249 46.177 44.106 42.035 39.964 37.893 35.822 33.751 31.680 29.609 27.538 25.467 23.396 21.325 19.254 17.183 15.111 13.040 10.969 8.898 6.827 4.756 2.685
158.873 156.802 154.731 152.660 150.589 148.518 146.447 144.376 142.304 140.233 138.162 136.091 134.020 131.949 129.878 127.807 125.736 123.665 121.594 119.523 117.452 115.381 113.310 111.238 109.167 107.096 105.025 102.954 100.883 98.812 96.741 94.670 92.599 90.528 88.457 86.386 84.315 82.244 80.172 78.101 76.030 73.959 71.888 69.817 67.746 65.675 63.604 61.533 59.462 57.391 55.320 53.249 51.177 49.106 47.035 44.964 42.893 40.822 38.751 36.680 34.609 32.538 30.467 28.396 26.325 24.254 22.183 20.111 18.040 15.969 13.898 11.827 9.756 7.685
163.873 161.802 159.731 157.660 155.589 153.518 151.447 149.376 147.304 145.233 143.162 141.091 139.020 136.949 134.878 132.807 130.736 128.665 126.594 124.523 122.452 120.381 118.310 116.238 114.167 112.096 110.025 107.954 105.883 103.812 101.741 99.670 97.599 95.528 93.457 91.386 89.315 87.244 85.172 83.101 81.030 78.959 76.888 74.817 72.746 70.675 68.604 66.533 64.462 62.391 60.320 58.249 56.177 54.106 52.035 49.964 47.893 45.822 43.751 41.680 39.609 37.538 35.467 33.396 31.325 29.254 27.183 25.111 23.040 20.969 18.898 16.827 14.756 12.685
168.873 166.802 164.731 162.660 160.589 158.518 156.447 154.376 152.304 150.233 148.162 146.091 144.020 141.949 139.878 137.807 135.736 133.665 131.594 129.523 127.452 125.381 123.310 121.238 119.167 117.096 115.025 112.954 110.883 108.812 106.741 104.670 102.599 100.528 98.457 96.386 94.315 92.244 90.172 88.101 86.030 83.959 81.888 79.817 77.746 75.675 73.604 71.533 69.462 67.391 65.320 63.249 61.177 59.106 57.035 54.964 52.893 50.822 48.751 46.680 44.609 42.538 40.467 38.396 36.325 34.254 32.183 30.111 28.040 25.969 23.898 21.827 19.756 17.685
173.873 171.802 169.731 167.660 165.589 163.518 161.447 159.376 157.304 155.233 153.162 151.091 149.020 146.949 144.878 142.807 140.736 138.665 136.594 134.523 132.452 130.381 128.310 126.238 124.167 122.096 120.025 117.954 115.883 113.812 111.741 109.670 107.599 105.528 103.457 101.386 99.315 97.244 95.172 93.101 91.030 88.959 86.888 84.817 82.746 80.675 78.604 76.533 74.462 72.391 70.320 68.249 66.177 64.106 62.035 59.964 57.893 55.822 53.751 51.680 49.609 47.538 45.467 43.396 41.325 39.254 37.183 35.111 33.040 30.969 28.898 26.827 24.756 22.685
178.873 176.802 174.731 172.660 170.589 168.518 166.447 164.376 162.304 160.233 158.162 156.091 154.020 151.949 149.878 147.807 145.736 143.665 141.594 139.523 137.452 135.381 133.310 131.238 129.167 127.096 125.025 122.954 120.883 118.812 116.741 114.670 112.599 110.528 108.457 106.386 104.315 102.244 100.172 98.101 96.030 93.959 91.888 89.817 87.746 85.675 83.604 81.533 79.462 77.391 75.320 73.249 71.177 69.106 67.035 64.964 62.893 60.822 58.751 56.680 54.609 52.538 50.467 48.396 46.325 44.254 42.183 40.111 38.040 35.969 33.898 31.827 29.756 27.685
183.873 181.802 179.731 177.660 175.589 173.518 171.447 169.376 167.304 165.233 163.162 161.091 159.020 156.949 154.878 152.807 150.736 148.665 146.594 144.523 142.452 140.381 138.310 136.238 134.167 132.096 130.025 127.954 125.883 123.812 121.741 119.670 117.599 115.528 113.457 111.386 109.315 107.244 105.172 103.101 101.030 98.959 96.888 94.817 92.746 90.675 88.604 86.533 84.462 82.391 80.320 78.249 76.177 74.106 72.035 69.964 67.893 65.822 63.751 61.680 59.609 57.538 55.467 53.396 51.325 49.254 47.183 45.111 43.040 40.969 38.898 36.827 34.756 32.685
