examples/FlowPy_PF_CHANNEL_DAM_PF_Topo.asc
nCols  701
nRows  301
xllcenter  0.00
yllcenter 0.00
cellsize  5
nodata_value -9999.00
[rows 189 to 215 of 301, columns 472 to 530 of 701]
0.002500 0.002296 0.002107 0.001933 0.001772 0.001625 0.001489 0.001364 0.001249 0.001143 0.001046 0.000956 0.000874 0.000799 0.000730 0.000667 0.000608 0.000555 0.000506 0.000462 0.000421 0.000383 0.000349 0.000318 0.000289 0.000263 0.000239 0.000218 0.000198 0.000180 0.000163 0.000148 0.000134 0.000122 0.000110 0.000100 0.000091 0.000082 0.000074 0.000067 0.000061 0.000055 0.000050 0.000045 0.000040 0.000037 0.000033 0.000030 0.000027 0.000024 0.000022 0.000020 0.000018 0.000016 0.000014 0.000013 0.000012 0.000010 0.000009
0.002673 0.002454 0.002252 0.002066 0.001894 0.001737 0.001591 0.001458 0.001335 0.001222 0.001118 0.001022 0.000934 0.000854 0.000780 0.000712 0.000650 0.000593 0.000541 0.000494 0.000450 0.000410 0.000373 0.000340 0.000309 0.000281 0.000256 0.000232 0.000211 0.000192 0.000174 0.000158 0.000143 0.000130 0.000118 0.000107 0.000097 0.000088 0.000079 0.000072 0.000065 0.000059 0.000053 0.000048 0.000043 0.000039 0.000035 0.000032 0.000029 0.000026 0.000023 0.000021 0.000019 0.000017 0.000015 0.000014 0.000012 0.000011 0.000010
0.002857 0.002623 0.002407 0.002209 0.002025 0.001857 0.001701 0.001558 0.001427 0.001306 0.001195 0.001093 0.000999 0.000913 0.000834 0.000762 0.000695 0.000634 0.000579 0.000528 0.000481 0.000438 0.000399 0.000363 0.000331 0.000301 0.000273 0.000249 0.000226 0.000205 0.000186 0.000169 0.000153 0.000139 0.000126 0.000114 0.000103 0.000094 0.000085 0.000077 0.000069 0.000063 0.000057 0.000051 0.000046 0.000042 0.000038 0.000034 0.000031 0.000028 0.000025 0.000022 0.000020 0.000018 0.000016 0.000015 0.000013 0.000012 0.000011
0.003056 0.002806 0.002575 0.002362 0.002166 0.001986 0.001820 0.001667 0.001526 0.001397 0.001278 0.001169 0.001069 0.000977 0.000892 0.000815 0.000744 0.000679 0.000619 0.000564 0.000514 0.000469 0.000427 0.000389 0.000354 0.000322 0.000292 0.000266 0.000242 0.000219 0.000199 0.000181 0.000164 0.000149 0.000135 0.000122 0.000111 0.000100 0.000091 0.000082 0.000074 0.000067 0.000061 0.000055 0.000049 0.000045 0.000040 0.000036 0.000033 0.000030 0.000027 0.000024 0.000022 0.000019 0.000017 0.000016 0.000014 0.000013 0.000011
0.003272 0.003004 0.002757 0.002529 0.002319 0.002126 0.001948 0.001784 0.001634 0.001495 0.001368 0.001251 0.001144 0.001046 0.000955 0.000872 0.000796 0.000726 0.000663 0.000604 0.000551 0.000502 0.000457 0.000416 0.000379 0.000344 0.000313 0.000285 0.000259 0.000235 0.000213 0.000194 0.000176 0.000159 0.000144 0.000131 0.000119 0.000107 0.000097 0.000088 0.000079 0.000072 0.000065 0.000059 0.000053 0.000048 0.000043 0.000039 0.000035 0.000032 0.000028 0.000026 0.000023 0.000021 0.000019 0.000017 0.000015 0.000014 0.000012
0.003508 0.003221 0.002956 0.002712 0.002487 0.002279 0.002089 0.001913 0.001752 0.001603 0.001467 0.001342 0.001227 0.001121 0.001024 0.000935 0.000854 0.000779 0.000710 0.000648 0.000590 0.000538 0.000490 0.000446 0.000406 0.000369 0.000336 0.000305 0.000277 0.000252 0.000229 0.000208 0.000188 0.000171 0.000155 0.000140 0.000127 0.000115 0.000104 0.000094 0.000085 0.000077 0.000070 0.000063 0.000057 0.000051 0.000046 0.000042 0.000038 0.000034 0.000031 0.000028 0.000025 0.000022 0.000020 0.000018 0.000016 0.000015 0.000013
0.003769 0.003460 0.003176 0.002913 0.002672 0.002449 0.002244 0.002056 0.001882 0.001723 0.001576 0.001442 0.001318 0.001204 0.001100 0.001005 0.000917 0.000837 0.000763 0.000696 0.000634 0.000578 0.000526 0.000479 0.000436 0.000397 0.000361 0.000328 0.000298 0.000271 0.000246 0.000223 0.000202 0.000183 0.000166 0.000151 0.000137 0.000124 0.000112 0.000101 0.000092 0.000083 0.000075 0.000068 0.000061 0.000055 0.000050 0.000045 0.000040 0.000036 0.000033 0.000030 0.000027 0.000024 0.000022 0.000019 0.000017 0.000016 0.000014
0.004063 0.003730 0.003423 0.003140 0.002880 0.002640 0.002419 0.002216 0.002029 0.001857 0.001699 0.001554 0.001421 0.001298 0.001186 0.001083 0.000989 0.000902 0.000823 0.000750 0.000684 0.000623 0.000567 0.000517 0.000470 0.000428 0.000389 0.000353 0.000321 0.000292 0.000265 0.000240 0.000218 0.000198 0.000179 0.000162 0.000147 0.000133 0.000121 0.000109 0.000099 0.000089 0.000081 0.000073 0.000066 0.000059 0.000054 0.000048 0.000044 0.000039 0.000035 0.000032 0.000029 0.000026 0.000023 0.000021 0.000019 0.000017 0.000015
0.004402 0.004041 0.003709 0.003403 0.003120 0.002860 0.002621 0.002401 0.002198 0.002012 0.001841 0.001684 0.001539 0.001407 0.001285 0.001173 0.001071 0.000977 0.000891 0.000813 0.000741 0.000675 0.000615 0.000560 0.000509 0.000463 0.000421 0.000383 0.000348 0.000316 0.000287 0.000260 0.000236 0.000214 0.000194 0.000176 0.000159 0.000144 0.000131 0.000118 0.000107 0.000097 0.000087 0.000079 0.000071 0.000064 0.000058 0.000052 0.000047 0.000043 0.000038 0.000035 0.000031 0.000028 0.000025 0.000023 0.000020 0.000018 0.000016
0.004811 0.004417 0.004053 0.003719 0.003410 0.003126 0.002864 0.002624 0.002402 0.002199 0.002012 0.001840 0.001682 0.001537 0.001404 0.001282 0.001171 0.001068 0.000974 0.000888 0.000810 0.000738 0.000672 0.000612 0.000557 0.000506 0.000460 0.000418 0.000380 0.000345 0.000314 0.000285 0.000258 0.000234 0.000212 0.000192 0.000174 0.000158 0.000143 0.000129 0.000117 0.000106 0.000095 0.000086 0.000078 0.000070 0.000063 0.000057 0.000052 0.000047 0.000042 0.000038 0.000034 0.000031 0.000027 0.000025 0.000022 0.000020 0.000018
0.005352 0.004914 0.004510 0.004137 0.003794 0.003478 0.003187 0.002919 0.002673 0.002446 0.002238 0.002047 0.001871 0.001710 0.001562 0.001427 0.001302 0.001188 0.001084 0.000988 0.000901 0.000821 0.000747 0.000680 0.000619 0.000563 0.000512 0.000466 0.000423 0.000384 0.000349 0.000317 0.000287 0.000260 0.000236 0.000214 0.000194 0.000176 0.000159 0.000144 0.000130 0.000118 0.000106 0.000096 0.000087 0.000078 0.000071 0.000064 0.000057 0.000052 0.000047 0.000042 0.000038 0.000034 0.000031 0.000028 0.000025 0.000022 0.000020
0.006681 0.006134 0.005629 0.005164 0.004736 0.004341 0.003978 0.003644 0.003336 0.003054 0.002794 0.002555 0.002336 0.002135 0.001950 0.001781 0.001626 0.001483 0.001353 0.001234 0.001124 0.001024 0.000933 0.000849 0.000773 0.000703 0.000639 0.000581 0.000528 0.000480 0.000436 0.000395 0.000359 0.000325 0.000295 0.000267 0.000242 0.000219 0.000198 0.000179 0.000162 0.000147 0.000133 0.000120 0.000108 0.000098 0.000088 0.000079 0.000072 0.000065 0.000058 0.000052 0.000047 0.000042 0.000038 0.000034 0.000031 0.000028 0.000025
0.006681 0.006134 0.005629 0.005164 0.004736 0.004341 0.003978 0.003644 0.003336 0.003054 0.002794 0.002555 0.002336 0.002135 0.001950 0.001781 0.001626 0.001483 0.001353 0.001234 0.001124 0.001024 0.000933 0.000849 0.000773 0.000703 0.000639 0.000581 0.000528 0.000480 0.000436 0.000395 0.000359 0.000325 0.000295 0.000267 0.000242 0.000219 0.000198 0.000179 0.000162 0.000147 0.000133 0.000120 0.000108 0.000098 0.000088 0.000079 0.000072 0.000065 0.000058 0.000052 0.000047 0.000042 0.000038 0.000034 0.000031 0.000028 0.000025
0.006681 0.006134 0.005629 0.005164 0.004736 0.004341 0.003978 0.003644 0.003336 0.003054 0.002794 0.002555 0.002336 0.002135 0.001950 0.001781 0.001626 0.001483 0.001353 0.001234 0.001124 0.001024 0.000933 0.000849 0.000773 0.000703 0.000639 0.000581 0.000528 0.000480 0.000436 0.000395 0.000359 0.000325 0.000295 0.000267 0.000242 0.000219 0.000198 0.000179 0.000162 0.000147 0.000133 0.000120 0.000108 0.000098 0.000088 0.000079 0.000072 0.000065 0.000058 0.000052 0.000047 0.000042 0.000038 0.000034 0.000031 0.000028 0.000025
0.006681 0.006134 0.005629 0.005164 0.004736 0.004341 0.003978 0.003644 0.003336 0.003054 0.002794 0.002555 0.002336 0.002135 0.001950 0.001781 0.001626 0.001483 0.001353 0.001234 0.001124 0.001024 0.000933 0.000849 0.000773 0.000703 0.000639 0.000581 0.000528 0.000480 0.000436 0.000395 0.000359 0.000325 0.000295 0.000267 0.000242 0.000219 0.000198 0.000179 0.000162 0.000147 0.000133 0.000120 0.000108 0.000098 0.000088 0.000079 0.000072 0.000065 0.000058 0.000052 0.000047 0.000042 0.000038 0.000034 0.000031 0.000028 0.000025
0.006681 0.006134 0.005629 0.005164 0.004736 0.004341 0.003978 0.003644 0.003336 0.003054 0.002794 0.002555 0.002336 0.002135 0.001950 0.001781 0.001626 0.001483 0.001353 0.001234 0.001124 0.001024 0.000933 0.000849 0.000773 0.000703 0.000639 0.000581 0.000528 0.000480 0.000436 0.000395 0.000359 0.000325 0.000295 0.000267 0.000242 0.000219 0.000198 0.000179 0.000162 0.000147 0.000133 0.000120 0.000108 0.000098 0.000088 0.000079 0.000072 0.000065 0.000058 0.000052 0.000047 0.000042 0.000038 0.000034 0.000031 0.000028 0.000025
0.006681 0.006134 0.005629 0.005164 0.004736 0.004341 0.003978 0.003644 0.003336 0.003054 0.002794 0.002555 0.002336 0.002135 0.001950 0.001781 0.001626 0.001483 0.001353 0.001234 0.001124 0.001024 0.000933 0.000849 0.000773 0.000703 0.000639 0.000581 0.000528 0.000480 0.000436 0.000395 0.000359 0.000325 0.000295 0.000267 0.000242 0.000219 0.000198 0.000179 0.000162 0.000147 0.000133 0.000120 0.000108 0.000098 0.000088 0.000079 0.000072 0.000065 0.000058 0.000052 0.000047 0.000042 0.000038 0.000034 0.000031 0.000028 0.000025
0.006681 0.006134 0.005629 0.005164 0.004736 0.004341 0.003978 0.003644 0.003336 0.003054 0.002794 0.002555 0.002336 0.002135 0.001950 0.001781 0.001626 0.001483 0.001353 0.001234 0.001124 0.001024 0.000933 0.000849 0.000773 0.000703 0.000639 0.000581 0.000528 0.000480 0.000436 0.000395 0.000359 0.000325 0.000295 0.000267 0.000242 0.000219 0.000198 0.000179 0.000162 0.000147 0.000133 0.000120 0.000108 0.000098 0.000088 0.000079 0.000072 0.000065 0.000058 0.000052 0.000047 0.000042 0.000038 0.000034 0.000031 0.000028 0.000025
0.006681 0.006134 0.005629 0.005164 0.004736 0.004341 0.003978 0.003644 0.003336 0.003054 0.002794 0.002555 0.002336 0.002135 0.001950 0.001781 0.001626 0.001483 0.001353 0.001234 0.001124 0.001024 0.000933 0.000849 0.000773 0.000703 0.000639 0.000581 0.000528 0.000480 0.000436 0.000395 0.000359 0.000325 0.000295 0.000267 0.000242 0.000219 0.000198 0.000179 0.000162 0.000147 0.000133 0.000120 0.000108 0.000098 0.000088 0.000079 0.000072 0.000065 0.000058 0.000052 0.000047 0.000042 0.000038 0.000034 0.000031 0.000028 0.000025
0.006681 0.006134 0.005629 0.005164 0.004736 0.004341 0.003978 0.003644 0.003336 0.003054 0.002794 0.002555 0.002336 0.002135 0.001950 0.001781 0.001626 0.001483 0.001353 0.001234 0.001124 0.001024 0.000933 0.000849 0.000773 0.000703 0.000639 0.000581 0.000528 0.000480 0.000436 0.000395 0.000359 0.000325 0.000295 0.000267 0.000242 0.000219 0.000198 0.000179 0.000162 0.000147 0.000133 0.000120 0.000108 0.000098 0.000088 0.000079 0.000072 0.000065 0.000058 0.000052 0.000047 0.000042 0.000038 0.000034 0.000031 0.000028 0.000025
0.006681 0.006134 0.005629 0.005164 0.004736 0.004341 0.003978 0.003644 0.003336 0.003054 0.002794 0.002555 0.002336 0.002135 0.001950 0.001781 0.001626 0.001483 0.001353 0.001234 0.001124 0.001024 0.000933 0.000849 0.000773 0.000703 0.000639 0.000581 0.000528 0.000480 0.000436 0.000395 0.000359 0.000325 0.000295 0.000267 0.000242 0.000219 0.000198 0.000179 0.000162 0.000147 0.000133 0.000120 0.000108 0.000098 0.000088 0.000079 0.000072 0.000065 0.000058 0.000052 0.000047 0.000042 0.000038 0.000034 0.000031 0.000028 0.000025
0.006681 0.006134 0.005629 0.005164 0.004736 0.004341 0.003978 0.003644 0.003336 0.003054 0.002794 0.002555 0.002336 0.002135 0.001950 0.001781 0.001626 0.001483 0.001353 0.001234 0.001124 0.001024 0.000933 0.000849 0.000773 0.000703 0.000639 0.000581 0.000528 0.000480 0.000436 0.000395 0.000359 0.000325 0.000295 0.000267 0.000242 0.000219 0.000198 0.000179 0.000162 0.000147 0.000133 0.000120 0.000108 0.000098 0.000088 0.000079 0.000072 0.000065 0.000058 0.000052 0.000047 0.000042 0.000038 0.000034 0.000031 0.000028 0.000025
0.006681 0.006134 0.005629 0.005164 0.004736 0.004341 0.003978 0.003644 0.003336 0.003054 0.002794 0.002555 0.002336 0.002135 0.001950 0.001781 0.001626 0.001483 0.001353 0.001234 0.001124 0.001024 0.000933 0.000849 0.000773 0.000703 0.000639 0.000581 0.000528 0.000480 0.000436 0.000395 0.000359 0.000325 0.000295 0.000267 0.000242 0.000219 0.000198 0.000179 0.000162 0.000147 0.000133 0.000120 0.000108 0.000098 0.000088 0.000079 0.000072 0.000065 0.000058 0.000052 0.000047 0.000042 0.000038 0.000034 0.000031 0.000028 0.000025
0.006681 0.006134 0.005629 0.005164 0.004736 0.004341 0.003978 0.003644 0.003336 0.003054 0.002794 0.002555 0.002336 0.002135 0.001950 0.001781 0.001626 0.001483 0.001353 0.001234 0.001124 0.001024 0.000933 0.000849 0.000773 0.000703 0.000639 0.000581 0.000528 0.000480 0.000436 0.000395 0.000359 0.000325 0.000295 0.000267 0.000242 0.000219 0.000198 0.000179 0.000162 0.000147 0.000133 0.000120 0.000108 0.000098 0.000088 0.000079 0.000072 0.000065 0.000058 0.000052 0.000047 0.000042 0.000038 0.000034 0.000031 0.000028 0.000025
0.006681 0.006134 0.005629 0.005164 0.004736 0.004341 0.003978 0.003644 0.003336 0.003054 0.002794 0.002555 0.002336 0.002135 0.001950 0.001781 0.001626 0.001483 0.001353 0.001234 0.001124 0.001024 0.000933 0.000849 0.000773 0.000703 0.000639 0.000581 0.000528 0.000480 0.000436 0.000395 0.000359 0.000325 0.000295 0.000267 0.000242 0.000219 0.000198 0.000179 0.000162 0.000147 0.000133 0.000120 0.000108 0.000098 0.000088 0.000079 0.000072 0.000065 0.000058 0.000052 0.000047 0.000042 0.000038 0.000034 0.000031 0.000028 0.000025
0.006681 0.006134 0.005629 0.005164 0.004736 0.004341 0.003978 0.003644 0.003336 0.003054 0.002794 0.002555 0.002336 0.002135 0.001950 0.001781 0.001626 0.001483 0.001353 0.001234 0.001124 0.001024 0.000933 0.000849 0.000773 0.000703 0.000639 0.000581 0.000528 0.000480 0.000436 0.000395 0.000359 0.000325 0.000295 0.000267 0.000242 0.000219 0.000198 0.000179 0.000162 0.000147 0.000133 0.000120 0.000108 0.000098 0.000088 0.000079 0.000072 0.000065 0.000058 0.000052 0.000047 0.000042 0.000038 0.000034 0.000031 0.000028 0.000025
0.006681 0.006134 0.005629 0.005164 0.004736 0.004341 0.003978 0.003644 0.003336 0.003054 0.002794 0.002555 0.002336 0.002135 0.001950 0.001781 0.001626 0.001483 0.001353 0.001234 0.001124 0.001024 0.000933 0.000849 0.000773 0.000703 0.000639 0.000581 0.000528 0.000480 0.000436 0.000395 0.000359 0.000325 0.000295 0.000267 0.000242 0.000219 0.000198 0.000179 0.000162 0.000147 0.000133 0.000120 0.000108 0.000098 0.000088 0.000079 0.000072 0.000065 0.000058 0.000052 0.000047 0.000042 0.000038 0.000034 0.000031 0.000028 0.000025
