examples/FlowPy_PF_CHANNEL_DAM_PF_Topo.asc
nCols  701
nRows  301
xllcenter  0.00
yllcenter 0.00
cellsize  5
nodata_value -9999.00
[rows 54 to 80 of 301, columns 413 to 471 of 701]
7.289372 6.896501 6.515314 6.145722 5.787639 5.440984 5.105678 4.781646 4.468815 4.167118 3.876488 3.596862 3.328180 3.070386 2.823423 2.587242 2.361790 2.147022 1.942893 1.749359 1.566379 1.393916 1.231932 1.080393 0.939265 0.808516 0.688118 0.578042 0.478262 0.388751 0.309486 0.240445 0.181606 0.132949 0.094454 0.066105 0.047883 0.039773 0.036822 0.034077 0.031525 0.029152 0.026948 0.024901 0.023001 0.021238 0.019603 0.018086 0.016681 0.015379 0.014173 0.013057 0.012024 0.011068 0.010185 0.009369 0.008614 0.007918 0.007275
7.289372 6.896501 6.515314 6.145722 5.787639 5.440984 5.105678 4.781646 4.468815 4.167118 3.876488 3.596862 3.328180 3.070386 2.823423 2.587242 2.361790 2.147022 1.942893 1.749359 1.566379 1.393916 1.231932 1.080393 0.939265 0.808516 0.688118 0.578042 0.478262 0.388751 0.309486 0.240445 0.181606 0.132949 0.094454 0.066105 0.047883 0.039773 0.036822 0.034077 0.031525 0.029152 0.026948 0.024901 0.023001 0.021238 0.019603 0.018086 0.016681 0.015379 0.014173 0.013057 0.012024 0.011068 0.010185 0.009369 0.008614 0.007918 0.007275
7.289372 6.896501 6.515314 6.145722 5.787639 5.440984 5.105678 4.781646 4.468815 4.167118 3.876488 3.596862 3.328180 3.070386 2.823423 2.587242 2.361790 2.147022 1.942893 1.749359 1.566379 1.393916 1.231932 1.080393 0.939265 0.808516 0.688118 0.578042 0.478262 0.388751 0.309486 0.240445 0.181606 0.132949 0.094454 0.066105 0.047883 0.039773 0.036822 0.034077 0.031525 0.029152 0.026948 0.024901 0.023001 0.021238 0.019603 0.018086 0.016681 0.015379 0.014173 0.013057 0.012024 0.011068 0.010185 0.009369 0.008614 0.007918 0.007275
7.289372 6.896501 6.515314 6.145722 5.787639 5.440984 5.105678 4.781646 4.468815 4.167118 3.876488 3.596862 3.328180 3.070386 2.823423 2.587242 2.361790 2.147022 1.942893 1.749359 1.566379 1.393916 1.231932 1.080393 0.939265 0.808516 0.688118 0.578042 0.478262 0.388751 0.309486 0.240445 0.181606 0.132949 0.094454 0.066105 0.047883 0.039773 0.036822 0.034077 0.031525 0.029152 0.026948 0.024901 0.023001 0.021238 0.019603 0.018086 0.016681 0.015379 0.014173 0.013057 0.012024 0.011068 0.010185 0.009369 0.008614 0.007918 0.007275
7.289372 6.896501 6.515314 6.145722 5.787639 5.440984 5.105678 4.781646 4.468815 4.167118 3.876488 3.596862 3.328180 3.070386 2.823423 2.587242 2.361790 2.147022 1.942893 1.749359 1.566379 1.393916 1.231932 1.080393 0.939265 0.808516 0.688118 0.578042 0.478262 0.388751 0.309486 0.240445 0.181606 0.132949 0.094454 0.066105 0.047883 0.039773 0.036822 0.034077 0.031525 0.029152 0.026948 0.024901 0.023001 0.021238 0.019603 0.018086 0.016681 0.015379 0.014173 0.013057 0.012024 0.011068 0.010185 0.009369 0.008614 0.007918 0.007275
7.289372 6.896501 6.515314 6.145722 5.787639 5.440984 5.105678 4.781646 4.468815 4.167118 3.876488 3.596862 3.328180 3.070386 2.823423 2.587242 2.361790 2.147022 1.942893 1.749359 1.566379 1.393916 1.231932 1.080393 0.939265 0.808516 0.688118 0.578042 0.478262 0.388751 0.309486 0.240445 0.181606 0.132949 0.094454 0.066105 0.047883 0.039773 0.036822 0.034077 0.031525 0.029152 0.026948 0.024901 0.023001 0.021238 0.019603 0.018086 0.016681 0.015379 0.014173 0.013057 0.012024 0.011068 0.010185 0.009369 0.008614 0.007918 0.007275
7.289372 6.896501 6.515314 6.145722 5.787639 5.440984 5.105678 4.781646 4.468815 4.167118 3.876488 3.596862 3.328180 3.070386 2.823423 2.587242 2.361790 2.147022 1.942893 1.749359 1.566379 1.393916 1.231932 1.080393 0.939265 0.808516 0.688118 0.578042 0.478262 0.388751 0.309486 0.240445 0.181606 0.132949 0.094454 0.066105 0.047883 0.039773 0.036822 0.034077 0.031525 0.029152 0.026948 0.024901 0.023001 0.021238 0.019603 0.018086 0.016681 0.015379 0.014173 0.013057 0.012024 0.011068 0.010185 0.009369 0.008614 0.007918 0.007275
7.289372 6.896501 6.515314 6.145722 5.787639 5.440984 5.105678 4.781646 4.468815 4.167118 3.876488 3.596862 3.328180 3.070386 2.823423 2.587242 2.361790 2.147022 1.942893 1.749359 1.566379 1.393916 1.231932 1.080393 0.939265 0.808516 0.688118 0.578042 0.478262 0.388751 0.309486 0.240445 0.181606 0.132949 0.094454 0.066105 0.047883 0.039773 0.036822 0.034077 0.031525 0.029152 0.026948 0.024901 0.023001 0.021238 0.019603 0.018086 0.016681 0.015379 0.014173 0.013057 0.012024 0.011068 0.010185 0.009369 0.008614 0.007918 0.007275
7.289372 6.896501 6.515314 6.145722 5.787639 5.440984 5.105678 4.781646 4.468815 4.167118 3.876488 3.596862 3.328180 3.070386 2.823423 2.587242 2.361790 2.147022 1.942893 1.749359 1.566379 1.393916 1.231932 1.080393 0.939265 0.808516 0.688118 0.578042 0.478262 0.388751 0.309486 0.240445 0.181606 0.132949 0.094454 0.066105 0.047883 0.039773 0.036822 0.034077 0.031525 0.029152 0.026948 0.024901 0.023001 0.021238 0.019603 0.018086 0.016681 0.015379 0.014173 0.013057 0.012024 0.011068 0.010185 0.009369 0.008614 0.007918 0.007275
7.289372 6.896501 6.515314 6.145722 5.787639 5.440984 5.105678 4.781646 4.468815 4.167118 3.876488 3.596862 3.328180 3.070386 2.823423 2.587242 2.361790 2.147022 1.942893 1.749359 1.566379 1.393916 1.231932 1.080393 0.939265 0.808516 0.688118 0.578042 0.478262 0.388751 0.309486 0.240445 0.181606 0.132949 0.094454 0.066105 0.047883 0.039773 0.036822 0.034077 0.031525 0.029152 0.026948 0.024901 0.023001 0.021238 0.019603 0.018086 0.016681 0.015379 0.014173 0.013057 0.012024 0.011068 0.010185 0.009369 0.008614 0.007918 0.007275
7.289372 6.896501 6.515314 6.145722 5.787639 5.440984 5.105678 4.781646 4.468815 4.167118 3.876488 3.596862 3.328180 3.070386 2.823423 2.587242 2.361790 2.147022 1.942893 1.749359 1.566379 1.393916 1.231932 1.080393 0.939265 0.808516 0.688118 0.578042 0.478262 0.388751 0.309486 0.240445 0.181606 0.132949 0.094454 0.066105 0.047883 0.039773 0.036822 0.034077 0.031525 0.029152 0.026948 0.024901 0.023001 0.021238 0.019603 0.018086 0.016681 0.015379 0.014173 0.013057 0.012024 0.011068 0.010185 0.009369 0.008614 0.007918 0.007275
7.289372 6.896501 6.515314 6.145722 5.787639 5.440984 5.105678 4.781646 4.468815 4.167118 3.876488 3.596862 3.328180 3.070386 2.823423 2.587242 2.361790 2.147022 1.942893 1.749359 1.566379 1.393916 1.231932 1.080393 0.939265 0.808516 0.688118 0.578042 0.478262 0.388751 0.309486 0.240445 0.181606 0.132949 0.094454 0.066105 0.047883 0.039773 0.036822 0.034077 0.031525 0.029152 0.026948 0.024901 0.023001 0.021238 0.019603 0.018086 0.016681 0.015379 0.014173 0.013057 0.012024 0.011068 0.010185 0.009369 0.008614 0.007918 0.007275
7.289372 6.896501 6.515314 6.145722 5.787639 5.440984 5.105678 4.781646 4.468815 4.167118 3.876488 3.596862 3.328180 3.070386 2.823423 2.587242 2.361790 2.147022 1.942893 1.749359 1.566379 1.393916 1.231932 1.080393 0.939265 0.808516 0.688118 0.578042 0.478262 0.388751 0.309486 0.240445 0.181606 0.132949 0.094454 0.066105 0.047883 0.039773 0.036822 0.034077 0.031525 0.029152 0.026948 0.024901 0.023001 0.021238 0.019603 0.018086 0.016681 0.015379 0.014173 0.013057 0.012024 0.011068 0.010185 0.009369 0.008614 0.007918 0.007275
7.289372 6.896501 6.515314 6.145722 5.787639 5.440984 5.105678 4.781646 4.468815 4.167118 3.876488 3.596862 3.328180 3.070386 2.823423 2.587242 2.361790 2.147022 1.942893 1.749359 1.566379 1.393916 1.231932 1.080393 0.939265 0.808516 0.688118 0.578042 0.478262 0.388751 0.309486 0.240445 0.181606 0.132949 0.094454 0.066105 0.047883 0.039773 0.036822 0.034077 0.031525 0.029152 0.026948 0.024901 0.023001 0.021238 0.019603 0.018086 0.016681 0.015379 0.014173 0.013057 0.012024 0.011068 0.010185 0.009369 0.008614 0.007918 0.007275
7.289372 6.896501 6.515314 6.145722 5.787639 5.440984 5.105678 4.781646 4.468815 4.167118 3.876488 3.596862 3.328180 3.070386 2.823423 2.587242 2.361790 2.147022 1.942893 1.749359 1.566379 1.393916 1.231932 1.080393 0.939265 0.808516 0.688118 0.578042 0.478262 0.388751 0.309486 0.240445 0.181606 0.132949 0.094454 0.066105 0.047883 0.039773 0.036822 0.034077 0.031525 0.029152 0.026948 0.024901 0.023001 0.021238 0.019603 0.018086 0.016681 0.015379 0.014173 0.013057 0.012024 0.011068 0.010185 0.009369 0.008614 0.007918 0.007275
7.289372 6.896501 6.515314 6.145722 5.787639 5.440984 5.105678 4.781646 4.468815 4.167118 3.876488 3.596862 3.328180 3.070386 2.823423 2.587242 2.361790 2.147022 1.942893 1.749359 1.566379 1.393916 1.231932 1.080393 0.939265 0.808516 0.688118 0.578042 0.478262 0.388751 0.309486 0.240445 0.181606 0.132949 0.094454 0.066105 0.047883 0.039773 0.036822 0.034077 0.031525 0.029152 0.026948 0.024901 0.023001 0.021238 0.019603 0.018086 0.016681 0.015379 0.014173 0.013057 0.012024 0.011068 0.010185 0.009369 0.008614 0.007918 0.007275
7.289372 6.896501 6.515314 6.145722 5.787639 5.440984 5.105678 4.781646 4.468815 4.167118 3.876488 3.596862 3.328180 3.070386 2.823423 2.587242 2.361790 2.147022 1.942893 1.749359 1.566379 1.393916 1.231932 1.080393 0.939265 0.808516 0.688118 0.578042 0.478262 0.388751 0.309486 0.240445 0.181606 0.132949 0.094454 0.066105 0.047883 0.039773 0.036822 0.034077 0.031525 0.029152 0.026948 0.024901 0.023001 0.021238 0.019603 0.018086 0.016681 0.015379 0.014173 0.013057 0.012024 0.011068 0.010185 0.009369 0.008614 0.007918 0.007275
7.289372 6.896501 6.515314 6.145722 5.787639 5.440984 5.105678 4.781646 4.468815 4.167118 3.876488 3.596862 3.328180 3.070386 2.823423 2.587242 2.361790 2.147022 1.942893 1.749359 1.566379 1.393916 1.231932 1.080393 0.939265 0.808516 0.688118 0.578042 0.478262 0.388751 0.309486 0.240445 0.181606 0.132949 0.094454 0.066105 0.047883 0.039773 0.036822 0.034077 0.031525 0.029152 0.026948 0.024901 0.023001 0.021238 0.019603 0.018086 0.016681 0.015379 0.014173 0.013057 0.012024 0.011068 0.010185 0.009369 0.008614 0.007918 0.007275
7.289372 6.896501 6.515314 6.145722 5.787639 5.440984 5.105678 4.781646 4.468815 4.167118 3.876488 3.596862 3.328180 3.070386 2.823423 2.587242 2.361790 2.147022 1.942893 1.749359 1.566379 1.393916 1.231932 1.080393 0.939265 0.808516 0.688118 0.578042 0.478262 0.388751 0.309486 0.240445 0.181606 0.132949 0.094454 0.066105 0.047883 0.039773 0.036822 0.034077 0.031525 0.029152 0.026948 0.024901 0.023001 0.021238 0.019603 0.018086 0.016681 0.015379 0.014173 0.013057 0.012024 0.011068 0.010185 0.009369 0.008614 0.007918 0.007275
7.289372 6.896501 6.515314 6.145722 5.787639 5.440984 5.105678 4.781646 4.468815 4.167118 3.876488 3.596862 3.328180 3.070386 2.823423 2.587242 2.361790 2.147022 1.942893 1.749359 1.566379 1.393916 1.231932 1.080393 0.939265 0.808516 0.688118 0.578042 0.478262 0.388751 0.309486 0.240445 0.181606 0.132949 0.094454 0.066105 0.047883 0.039773 0.036822 0.034077 0.031525 0.029152 0.026948 0.024901 0.023001 0.021238 0.019603 0.018086 0.016681 0.015379 0.014173 0.013057 0.012024 0.011068 0.010185 0.009369 0.008614 0.007918 0.007275
7.289372 6.896501 6.515314 6.145722 5.787639 5.440984 5.105678 4.781646 4.468815 4.167118 3.876488 3.596862 3.328180 3.070386 2.823423 2.587242 2.361790 2.147022 1.942893 1.749359 1.566379 1.393916 1.231932 1.080393 0.939265 0.808516 0.688118 0.578042 0.478262 0.388751 0.309486 0.240445 0.181606 0.132949 0.094454 0.066105 0.047883 0.039773 0.036822 0.034077 0.031525 0.029152 0.026948 0.024901 0.023001 0.021238 0.019603 0.018086 0.016681 0.015379 0.014173 0.013057 0.012024 0.011068 0.010185 0.009369 0.008614 0.007918 0.007275
7.289372 6.896501 6.515314 6.145722 5.787639 5.440984 5.105678 4.781646 4.468815 4.167118 3.876488 3.596862 3.328180 3.070386 2.823423 2.587242 2.361790 2.147022 1.942893 1.749359 1.566379 1.393916 1.231932 1.080393 0.939265 0.808516 0.688118 0.578042 0.478262 0.388751 0.309486 0.240445 0.181606 0.132949 0.094454 0.066105 0.047883 0.039773 0.036822 0.034077 0.031525 0.029152 0.026948 0.024901 0.023001 0.021238 0.019603 0.018086 0.016681 0.015379 0.014173 0.013057 0.012024 0.011068 0.010185 0.009369 0.008614 0.007918 0.007275
7.289372 6.896501 6.515314 6.145722 5.787639 5.440984 5.105678 4.781646 4.468815 4.167118 3.876488 3.596862 3.328180 3.070386 2.823423 2.587242 2.361790 2.147022 1.942893 1.749359 1.566379 1.393916 1.231932 1.080393 0.939265 0.808516 0.688118 0.578042 0.478262 0.388751 0.309486 0.240445 0.181606 0.132949 0.094454 0.066105 0.047883 0.039773 0.036822 0.034077 0.031525 0.029152 0.026948 0.024901 0.023001 0.021238 0.019603 0.018086 0.016681 0.015379 0.014173 0.013057 0.012024 0.011068 0.010185 0.009369 0.008614 0.007918 0.007275
7.289372 6.896501 6.515314 6.145722 5.787639 5.440984 5.105678 4.781646 4.468815 4.167118 3.876488 3.596862 3.328180 3.070386 2.823423 2.587242 2.361790 2.147022 1.942893 1.749359 1.566379 1.393916 1.231932 1.080393 0.939265 0.808516 0.688118 0.578042 0.478262 0.388751 0.309486 0.240445 0.181606 0.132949 0.094454 0.066105 0.047883 0.039773 0.036822 0.034077 0.031525 0.029152 0.026948 0.024901 0.023001 0.021238 0.019603 0.018086 0.016681 0.015379 0.014173 0.013057 0.012024 0.011068 0.010185 0.009369 0.008614 0.007918 0.007275
7.289372 6.896501 6.515314 6.145722 5.787639 5.440984 5.105678 4.781646 4.468815 4.167118 3.876488 3.596862 3.328180 3.070386 2.823423 2.587242 2.361790 2.147022 1.942893 1.749359 1.566379 1.393916 1.231932 1.080393 0.939265 0.808516 0.688118 0.578042 0.478262 0.388751 0.309486 0.240445 0.181606 0.132949 0.094454 0.066105 0.047883 0.039773 0.036822 0.034077 0.031525 0.029152 0.026948 0.024901 0.023001 0.021238 0.019603 0.018086 0.016681 0.015379 0.014173 0.013057 0.012024 0.011068 0.010185 0.009369 0.008614 0.007918 0.007275
7.289372 6.896501 6.515314 6.145722 5.787639 5.440984 5.105678 4.781646 4.468815 4.167118 3.876488 3.596862 3.328180 3.070386 2.823423 2.587242 2.361790 2.147022 1.942893 1.749359 1.566379 1.393916 1.231932 1.080393 0.939265 0.808516 0.688118 0.578042 0.478262 0.388751 0.309486 0.240445 0.181606 0.132949 0.094454 0.066105 0.047883 0.039773 0.036822 0.034077 0.031525 0.029152 0.026948 0.024901 0.023001 0.021238 0.019603 0.018086 0.016681 0.015379 0.014173 0.013057 0.012024 0.011068 0.010185 0.009369 0.008614 0.007918 0.007275
7.289372 6.896501 6.515314 6.145722 5.787639 5.440984 5.105678 4.781646 4.468815 4.167118 3.876488 3.596862 3.328180 3.070386 2.823423 2.587242 2.361790 2.147022 1.942893 1.749359 1.566379 1.393916 1.231932 1.080393 0.939265 0.808516 0.688118 0.578042 0.478262 0.388751 0.309486 0.240445 0.181606 0.132949 0.094454 0.066105 0.047883 0.039773 0.036822 0.034077 0.031525 0.029152 0.026948 0.024901 0.023001 0.021238 0.019603 0.018086 0.016681 0.015379 0.014173 0.013057 0.012024 0.011068 0.010185 0.009369 0.008614 0.007918 0.007275
