examples/FlowPy_PF_DAM_PF_Topo.asc
nCols  701
nRows  301
xllcenter  0.00
yllcenter 0.00
cellsize  5
nodata_value -9999.00
[rows 189 to 215 of 301, columns 118 to 176 of 701]
544.316049 541.041975 537.777778 534.523457 531.279012 528.044444 524.819753 521.604938 518.400000 515.204938 512.019753 508.844444 505.679012 502.523457 499.377778 496.241975 493.116049 490.000000 486.893827 483.797531 480.711111 477.634568 474.567901 471.511111 468.464198 465.427160 462.400000 459.382716 456.375309 453.377778 450.390123 447.412346 444.444444 441.486420 438.538272 435.600000 432.671605 429.753086 426.844444 423.945679 421.056790 418.177778 415.308642 412.449383 409.600000 406.760494 403.930864 401.111111 398.301235 395.501235 392.711111 389.930864 387.160494 384.400000 381.649383 378.908642 376.177778 373.456790 370.745679
544.316049 541.041975 537.777778 534.523457 531.279012 528.044444 524.819753 521.604938 518.400000 515.204938 512.019753 508.844444 505.679012 502.523457 499.377778 496.241975 493.116049 490.000000 486.893827 483.797531 480.711111 477.634568 474.567901 471.511111 468.464198 465.427160 462.400000 459.382716 456.375309 453.377778 450.390123 447.412346 444.444444 441.486420 438.538272 435.600000 432.671605 429.753086 426.844444 423.945679 421.056790 418.177778 415.308642 412.449383 409.600000 406.760494 403.930864 401.111111 398.301235 395.501235 392.711111 389.930864 387.160494 384.400000 381.649383 378.908642 376.177778 373.456790 370.745679
544.316049 541.041975 537.777778 534.523457 531.279012 528.044444 524.819753 521.604938 518.400000 515.204938 512.019753 508.844444 505.679012 502.523457 499.377778 496.241975 493.116049 490.000000 486.893827 483.797531 480.711111 477.634568 474.567901 471.511111 468.464198 465.427160 462.400000 459.382716 456.375309 453.377778 450.390123 447.412346 444.444444 441.486420 438.538272 435.600000 432.671605 429.753086 426.844444 423.945679 421.056790 418.177778 415.308642 412.449383 409.600000 406.760494 403.930864 401.111111 398.301235 395.501235 392.711111 389.930864 387.160494 384.400000 381.649383 378.908642 376.177778 373.456790 370.745679
544.316049 541.041975 537.777778 534.523457 531.279012 528.044444 524.819753 521.604938 518.400000 515.204938 512.019753 508.844444 505.679012 502.523457 499.377778 496.241975 493.116049 490.000000 486.893827 483.797531 480.711111 477.634568 474.567901 471.511111 468.464198 465.427160 462.400000 459.382716 456.375309 453.377778 450.390123 447.412346 444.444444 441.486420 438.538272 435.600000 432.671605 429.753086 426.844444 423.945679 421.056790 418.177778 415.308642 412.449383 409.600000 406.760494 403.930864 401.111111 398.301235 395.501235 392.711111 389.930864 387.160494 384.400000 381.649383 378.908642 376.177778 373.456790 370.745679
544.316049 541.041975 537.777778 534.523457 531.279012 528.044444 524.819753 521.604938 518.400000 515.204938 512.019753 508.844444 505.679012 502.523457 499.377778 496.241975 493.116049 490.000000 486.893827 483.797531 480.711111 477.634568 474.567901 471.511111 468.464198 465.427160 462.400000 459.382716 456.375309 453.377778 450.390123 447.412346 444.444444 441.486420 438.538272 435.600000 432.671605 429.753086 426.844444 423.945679 421.056790 418.177778 415.308642 412.449383 409.600000 406.760494 403.930864 401.111111 398.301235 395.501235 392.711111 389.930864 387.160494 384.400000 381.649383 378.908642 376.177778 373.456790 370.745679
544.316049 541.041975 537.777778 534.523457 531.279012 528.044444 524.819753 521.604938 518.400000 515.204938 512.019753 508.844444 505.679012 502.523457 499.377778 496.241975 493.116049 490.000000 486.893827 483.797531 480.711111 477.634568 474.567901 471.511111 468.464198 465.427160 462.400000 459.382716 456.375309 453.377778 450.390123 447.412346 444.444444 441.486420 438.538272 435.600000 432.671605 429.753086 426.844444 423.945679 421.056790 418.177778 415.308642 412.449383 409.600000 406.760494 403.930864 401.111111 398.301235 395.501235 392.711111 389.930864 387.160494 384.400000 381.649383 378.908642 376.177778 373.456790 370.745679
544.316049 541.041975 537.777778 534.523457 531.279012 528.044444 524.819753 521.604938 518.400000 515.204938 512.019753 508.844444 505.679012 502.523457 499.377778 496.241975 493.116049 490.000000 486.893827 483.797531 480.711111 477.634568 474.567901 471.511111 468.464198 465.427160 462.400000 459.382716 456.375309 453.377778 450.390123 447.412346 444.444444 441.486420 438.538272 435.600000 432.671605 429.753086 426.844444 423.945679 421.056790 418.177778 415.308642 412.449383 409.600000 406.760494 403.930864 401.111111 398.301235 395.501235 392.711111 389.930864 387.160494 384.400000 381.649383 378.908642 376.177778 373.456790 370.745679
544.316049 541.041975 537.777778 534.523457 531.279012 528.044444 524.819753 521.604938 518.400000 515.204938 512.019753 508.844444 505.679012 502.523457 499.377778 496.241975 493.116049 490.000000 486.893827 483.797531 480.711111 477.634568 474.567901 471.511111 468.464198 465.427160 462.400000 459.382716 456.375309 453.377778 450.390123 447.412346 444.444444 441.486420 438.538272 435.600000 432.671605 429.753086 426.844444 423.945679 421.056790 418.177778 415.308642 412.449383 409.600000 406.760494 403.930864 401.111111 398.301235 395.501235 392.711111 389.930864 387.160494 384.400000 381.649383 378.908642 376.177778 373.456790 370.745679
544.316049 541.041975 537.777778 534.523457 531.279012 528.044444 524.819753 521.604938 518.400000 515.204938 512.019753 508.844444 505.679012 502.523457 499.377778 496.241975 493.116049 490.000000 486.893827 483.797531 480.711111 477.634568 474.567901 471.511111 468.464198 465.427160 462.400000 459.382716 456.375309 453.377778 450.390123 447.412346 444.444444 441.486420 438.538272 435.600000 432.671605 429.753086 426.844444 423.945679 421.056790 418.177778 415.308642 412.449383 409.600000 406.760494 403.930864 401.111111 398.301235 395.501235 392.711111 389.930864 387.160494 384.400000 381.649383 378.908642 376.177778 373.456790 370.745679
544.316049 541.041975 537.777778 534.523457 531.279012 528.044444 524.819753 521.604938 518.400000 515.204938 512.019753 508.844444 505.679012 502.523457 499.377778 496.241975 493.116049 490.000000 486.893827 483.797531 480.711111 477.634568 474.567901 471.511111 468.464198 465.427160 462.400000 459.382716 456.375309 453.377778 450.390123 447.412346 444.444444 441.486420 438.538272 435.600000 432.671605 429.753086 426.844444 423.945679 421.056790 418.177778 415.308642 412.449383 409.600000 406.760494 403.930864 401.111111 398.301235 395.501235 392.711111 389.930864 387.160494 384.400000 381.649383 378.908642 376.177778 373.456790 370.745679
544.316049 541.041975 537.777778 534.523457 531.279012 528.044444 524.819753 521.604938 518.400000 515.204938 512.019753 508.844444 505.679012 502.523457 499.377778 496.241975 493.116049 490.000000 486.893827 483.797531 480.711111 477.634568 474.567901 471.511111 468.464198 465.427160 462.400000 459.382716 456.375309 453.377778 450.390123 447.412346 444.444444 441.486420 438.538272 435.600000 432.671605 429.753086 426.844444 423.945679 421.056790 418.177778 415.308642 412.449383 409.600000 406.760494 403.930864 401.111111 398.301235 395.501235 392.711111 389.930864 387.160494 384.400000 381.649383 378.908642 376.177778 373.456790 370.745679
544.316049 541.041975 537.777778 534.523457 531.279012 528.044444 524.819753 521.604938 518.400000 515.204938 512.019753 508.844444 505.679012 502.523457 499.377778 496.241975 493.116049 490.000000 486.893827 483.797531 480.711111 477.634568 474.567901 471.511111 468.464198 465.427160 462.400000 459.382716 456.375309 453.377778 450.390123 447.412346 444.444444 441.486420 438.538272 435.600000 432.671605 429.753086 426.844444 423.945679 421.056790 418.177778 415.308642 412.449383 409.600000 406.760494 403.930864 401.111111 398.301235 395.501235 392.711111 389.930864 387.160494 384.400000 381.649383 378.908642 376.177778 373.456790 370.745679
544.316049 541.041975 537.777778 534.523457 531.279012 528.044444 524.819753 521.604938 518.400000 515.204938 512.019753 508.844444 505.679012 502.523457 499.377778 496.241975 493.116049 490.000000 486.893827 483.797531 480.711111 477.634568 474.567901 471.511111 468.464198 465.427160 462.400000 459.382716 456.375309 453.377778 450.390123 447.412346 444.444444 441.486420 438.538272 435.600000 432.671605 429.753086 426.844444 423.945679 421.056790 418.177778 415.308642 412.449383 409.600000 406.760494 403.930864 401.111111 398.301235 395.501235 392.711111 389.930864 387.160494 384.400000 381.649383 378.908642 376.177778 373.456790 370.745679
544.316049 541.041975 537.777778 534.523457 531.279012 528.044444 524.819753 521.604938 518.400000 515.204938 512.019753 508.844444 505.679012 502.523457 499.377778 496.241975 493.116049 490.000000 486.893827 483.797531 480.711111 477.634568 474.567901 471.511111 468.464198 465.427160 462.400000 459.382716 456.375309 453.377778 450.390123 447.412346 444.444444 441.486420 438.538272 435.600000 432.671605 429.753086 426.844444 423.945679 421.056790 418.177778 415.308642 412.449383 409.600000 406.760494 403.930864 401.111111 398.301235 395.501235 392.711111 389.930864 387.160494 384.400000 381.649383 378.908642 376.177778 373.456790 370.745679
544.316049 541.041975 537.777778 534.523457 531.279012 528.044444 524.819753 521.604938 518.400000 515.204938 512.019753 508.844444 505.679012 502.523457 499.377778 496.241975 493.116049 490.000000 486.893827 483.797531 480.711111 477.634568 474.567901 471.511111 468.464198 465.427160 462.400000 459.382716 456.375309 453.377778 450.390123 447.412346 444.444444 441.486420 438.538272 435.600000 432.671605 429.753086 426.844444 423.945679 421.056790 418.177778 415.308642 412.449383 409.600000 406.760494 403.930864 401.111111 398.301235 395.501235 392.711111 389.930864 387.160494 384.400000 381.649383 378.908642 376.177778 373.456790 370.745679
544.316049 541.041975 537.777778 534.523457 531.279012 528.044444 524.819753 521.604938 518.400000 515.204938 512.019753 508.844444 505.679012 502.523457 499.377778 496.241975 493.116049 490.000000 486.893827 483.797531 480.711111 477.634568 474.567901 471.511111 468.464198 465.427160 462.400000 459.382716 456.375309 453.377778 450.390123 447.412346 444.444444 441.486420 438.538272 435.600000 432.671605 429.753086 426.844444 423.945679 421.056790 418.177778 415.308642 412.449383 409.600000 406.760494 403.930864 401.111111 398.301235 395.501235 392.711111 389.930864 387.160494 384.400000 381.649383 378.908642 376.177778 373.456790 370.745679
544.316049 541.041975 537.777778 534.523457 531.279012 528.044444 524.819753 521.604938 518.400000 515.204938 512.019753 508.844444 505.679012 502.523457 499.377778 496.241975 493.116049 490.000000 486.893827 483.797531 480.711111 477.634568 474.567901 471.511111 468.464198 465.427160 462.400000 459.382716 456.375309 453.377778 450.390123 447.412346 444.444444 441.486420 438.538272 435.600000 432.671605 429.753086 426.844444 423.945679 421.056790 418.177778 415.308642 412.449383 409.600000 406.760494 403.930864 401.111111 398.301235 395.501235 392.711111 389.930864 387.160494 384.400000 381.649383 378.908642 376.177778 373.456790 370.745679
544.316049 541.041975 537.777778 534.523457 531.279012 528.044444 524.819753 521.604938 518.400000 515.204938 512.019753 508.844444 505.679012 502.523457 499.377778 496.241975 493.116049 490.000000 486.893827 483.797531 480.711111 477.634568 474.567901 471.511111 468.464198 465.427160 462.400000 459.382716 456.375309 453.377778 450.390123 447.412346 444.444444 441.486420 438.538272 435.600000 432.671605 429.753086 426.844444 423.945679 421.056790 418.177778 415.308642 412.449383 409.600000 406.760494 403.930864 401.111111 398.301235 395.501235 392.711111 389.930864 387.160494 384.400000 381.649383 378.908642 376.177778 373.456790 370.745679
544.316049 541.041975 537.777778 534.523457 531.279012 528.044444 524.819753 521.604938 518.400000 515.204938 512.019753 508.844444 505.679012 502.523457 499.377778 496.241975 493.116049 490.000000 486.893827 483.797531 480.711111 477.634568 474.567901 471.511111 468.464198 465.427160 462.400000 459.382716 456.375309 453.377778 450.390123 447.412346 444.444444 441.486420 438.538272 435.600000 432.671605 429.753086 426.844444 423.945679 421.056790 418.177778 415.308642 412.449383 409.600000 406.760494 403.930864 401.111111 398.301235 395.501235 392.711111 389.930864 387.160494 384.400000 381.649383 378.908642 376.177778 373.456790 370.745679
544.316049 541.041975 537.777778 534.523457 531.279012 528.044444 524.819753 521.604938 518.400000 515.204938 512.019753 508.844444 505.679012 502.523457 499.377778 496.241975 493.116049 490.000000 486.893827 483.797531 480.711111 477.634568 474.567901 471.511111 468.464198 465.427160 462.400000 459.382716 456.375309 453.377778 450.390123 447.412346 444.444444 441.486420 438.538272 435.600000 432.671605 429.753086 426.844444 423.945679 421.056790 418.177778 415.308642 412.449383 409.600000 406.760494 403.930864 401.111111 398.301235 395.501235 392.711111 389.930864 387.160494 384.400000 381.649383 378.908642 376.177778 373.456790 370.745679
544.316049 541.041975 537.777778 534.523457 531.279012 528.044444 524.819753 521.604938 518.400000 515.204938 512.019753 508.844444 505.679012 502.523457 499.377778 496.241975 493.116049 490.000000 486.893827 483.797531 480.711111 477.634568 474.567901 471.511111 468.464198 465.427160 462.400000 459.382716 456.375309 453.377778 450.390123 447.412346 444.444444 441.486420 438.538272 435.600000 432.671605 429.753086 426.844444 423.945679 421.056790 418.177778 415.308642 412.449383 409.600000 406.760494 403.930864 401.111111 398.301235 395.501235 392.711111 389.930864 387.160494 384.400000 381.649383 378.908642 376.177778 373.456790 370.745679
544.316049 541.041975 537.777778 534.523457 531.279012 528.044444 524.819753 521.604938 518.400000 515.204938 512.019753 508.844444 505.679012 502.523457 499.377778 496.241975 493.116049 490.000000 486.893827 483.797531 480.711111 477.634568 474.567901 471.511111 468.464198 465.427160 462.400000 459.382716 456.375309 453.377778 450.390123 447.412346 444.444444 441.486420 438.538272 435.600000 432.671605 429.753086 426.844444 423.945679 421.056790 418.177778 415.308642 412.449383 409.600000 406.760494 403.930864 401.111111 398.301235 395.501235 392.711111 389.930864 387.160494 384.400000 381.649383 378.908642 376.177778 373.456790 370.745679
544.316049 541.041975 537.777778 534.523457 531.279012 528.044444 524.819753 521.604938 518.400000 515.204938 512.019753 508.844444 505.679012 502.523457 499.377778 496.241975 493.116049 490.000000 486.893827 483.797531 480.711111 477.634568 474.567901 471.511111 468.464198 465.427160 462.400000 459.382716 456.375309 453.377778 450.390123 447.412346 444.444444 441.486420 438.538272 435.600000 432.671605 429.753086 426.844444 423.945679 421.056790 418.177778 415.308642 412.449383 409.600000 406.760494 403.930864 401.111111 398.301235 395.501235 392.711111 389.930864 387.160494 384.400000 381.649383 378.908642 376.177778 373.456790 370.745679
544.316049 541.041975 537.777778 534.523457 531.279012 528.044444 524.819753 521.604938 518.400000 515.204938 512.019753 508.844444 505.679012 502.523457 499.377778 496.241975 493.116049 490.000000 486.893827 483.797531 480.711111 477.634568 474.567901 471.511111 468.464198 465.427160 462.400000 459.382716 456.375309 453.377778 450.390123 447.412346 444.444444 441.486420 438.538272 435.600000 432.671605 429.753086 426.844444 423.945679 421.056790 418.177778 415.308642 412.449383 409.600000 406.760494 403.930864 401.111111 398.301235 395.501235 392.711111 389.930864 387.160494 384.400000 381.649383 378.908642 376.177778 373.456790 370.745679
544.316049 541.041975 537.777778 534.523457 531.279012 528.044444 524.819753 521.604938 518.400000 515.204938 512.019753 508.844444 505.679012 502.523457 499.377778 496.241975 493.116049 490.000000 486.893827 483.797531 480.711111 477.634568 474.567901 471.511111 468.464198 465.427160 462.400000 459.382716 456.375309 453.377778 450.390123 447.412346 444.444444 441.486420 438.538272 435.600000 432.671605 429.753086 426.844444 423.945679 421.056790 418.177778 415.308642 412.449383 409.600000 406.760494 403.930864 401.111111 398.301235 395.501235 392.711111 389.930864 387.160494 384.400000 381.649383 378.908642 376.177778 373.456790 370.745679
544.316049 541.041975 537.777778 534.523457 531.279012 528.044444 524.819753 521.604938 518.400000 515.204938 512.019753 508.844444 505.679012 502.523457 499.377778 496.241975 493.116049 490.000000 486.893827 483.797531 480.711111 477.634568 474.567901 471.511111 468.464198 465.427160 462.400000 459.382716 456.375309 453.377778 450.390123 447.412346 444.444444 441.486420 438.538272 435.600000 432.671605 429.753086 426.844444 423.945679 421.056790 418.177778 415.308642 412.449383 409.600000 406.760494 403.930864 401.111111 398.301235 395.501235 392.711111 389.930864 387.160494 384.400000 381.649383 378.908642 376.177778 373.456790 370.745679
544.316049 541.041975 537.777778 534.523457 531.279012 528.044444 524.819753 521.604938 518.400000 515.204938 512.019753 508.844444 505.679012 502.523457 499.377778 496.241975 493.116049 490.000000 486.893827 483.797531 480.711111 477.634568 474.567901 471.511111 468.464198 465.427160 462.400000 459.382716 456.375309 453.377778 450.390123 447.412346 444.444444 441.486420 438.538272 435.600000 432.671605 429.753086 426.844444 423.945679 421.056790 418.177778 415.308642 412.449383 409.600000 406.760494 403.930864 401.111111 398.301235 395.501235 392.711111 389.930864 387.160494 384.400000 381.649383 378.908642 376.177778 373.456790 370.745679
