examples/FlowPy_PF_CHANNEL_DAM_PF_Topo.asc
nCols  701
nRows  301
xllcenter  0.00
yllcenter 0.00
cellsize  5
nodata_value -9999.00
[rows 0 to 26 of 301, columns 472 to 530 of 701]
0.006681 0.006134 0.005629 0.005164 0.004736 0.004341 0.003978 0.003644 0.003336 0.003054 0.002794 0.002555 0.002336 0.002135 0.001950 0.001781 0.001626 0.001483 0.001353 0.001234 0.001124 0.001024 0.000933 0.000849 0.000773 0.000703 0.000639 0.000581 0.000528 0.000480 0.000436 0.000395 0.000359 0.000325 0.000295 0.000267 0.000242 0.000219 0.000198 0.000179 0.000162 0.000147 0.000133 0.000120 0.000108 0.000098 0.000088 0.000079 0.000072 0.000065 0.000058 0.000052 0.000047 0.000042 0.000038 0.000034 0.000031 0.000028 0.000025
0.006681 0.006134 0.005629 0.005164 0.004736 0.004341 0.003978 0.003644 0.003336 0.003054 0.002794 0.002555 0.002336 0.002135 0.001950 0.001781 0.001626 0.001483 0.001353 0.001234 0.001124 0.001024 0.000933 0.000849 0.000773 0.000703 0.000639 0.000581 0.000528 0.000480 0.000436 0.000395 0.000359 0.000325 0.000295 0.000267 0.000242 0.000219 0.000198 0.000179 0.000162 0.000147 0.000133 0.000120 0.000108 0.000098 0.000088 0.000079 0.000072 0.000065 0.000058 0.000052 0.000047 0.000042 0.000038 0.000034 0.000031 0.000028 0.000025
0.006681 0.006134 0.005629 0.005164 0.004736 0.004341 0.003978 0.003644 0.003336 0.003054 0.002794 0.002555 0.002336 0.002135 0.001950 0.001781 0.001626 0.001483 0.001353 0.001234 0.001124 0.001024 0.000933 0.000849 0.000773 0.000703 0.000639 0.000581 0.000528 0.000480 0.000436 0.000395 0.000359 0.000325 0.000295 0.000267 0.000242 0.000219 0.000198 0.000179 0.000162 0.000147 0.000133 0.000120 0.000108 0.000098 0.000088 0.000079 0.000072 0.000065 0.000058 0.000052 0.000047 0.000042 0.000038 0.000034 0.000031 0.000028 0.000025
0.006681 0.006134 0.005629 0.005164 0.004736 0.004341 0.003978 0.003644 0.003336 0.003054 0.002794 0.002555 0.002336 0.002135 0.001950 0.001781 0.001626 0.001483 0.001353 0.001234 0.001124 0.001024 0.000933 0.000849 0.000773 0.000703 0.000639 0.000581 0.000528 0.000480 0.000436 0.000395 0.000359 0.000325 0.000295 0.000267 0.000242 0.000219 0.000198 0.000179 0.000162 0.000147 0.000133 0.000120 0.000108 0.000098 0.000088 0.000079 0.000072 0.000065 0.000058 0.000052 0.000047 0.000042 0.000038 0.000034 0.000031 0.000028 0.000025
0.006681 0.006134 0.005629 0.005164 0.004736 0.004341 0.003978 0.003644 0.003336 0.003054 0.002794 0.002555 0.002336 0.002135 0.001950 0.001781 0.001626 0.001483 0.001353 0.001234 0.001124 0.001024 0.000933 0.000849 0.000773 0.000703 0.000639 0.000581 0.000528 0.000480 0.000436 0.000395 0.000359 0.000325 0.000295 0.000267 0.000242 0.000219 0.000198 0.000179 0.000162 0.000147 0.000133 0.000120 0.000108 0.000098 0.000088 0.000079 0.000072 0.000065 0.000058 0.000052 0.000047 0.000042 0.000038 0.000034 0.000031 0.000028 0.000025
0.006681 0.006134 0.005629 0.005164 0.004736 0.004341 0.003978 0.003644 0.003336 0.003054 0.002794 0.002555 0.002336 0.002135 0.001950 0.001781 0.001626 0.001483 0.001353 0.001234 0.001124 0.001024 0.000933 0.000849 0.000773 0.000703 0.000639 0.000581 0.000528 0.000480 0.000436 0.000395 0.000359 0.000325 0.000295 0.000267 0.000242 0.000219 0.000198 0.000179 0.000162 0.000147 0.000133 0.000120 0.000108 0.000098 0.000088 0.000079 0.000072 0.000065 0.000058 0.000052 0.000047 0.000042 0.000038 0.000034 0.000031 0.000028 0.000025
0.006681 0.006134 0.005629 0.005164 0.004736 0.004341 0.003978 0.003644 0.003336 0.003054 0.002794 0.002555 0.002336 0.002135 0.001950 0.001781 0.001626 0.001483 0.001353 0.001234 0.001124 0.001024 0.000933 0.000849 0.000773 0.000703 0.000639 0.000581 0.000528 0.000480 0.000436 0.000395 0.000359 0.000325 0.000295 0.000267 0.000242 0.000219 0.000198 0.000179 0.000162 0.000147 0.000133 0.000120 0.000108 0.000098 0.000088 0.000079 0.000072 0.000065 0.000058 0.000052 0.000047 0.000042 0.000038 0.000034 0.000031 0.000028 0.000025
0.006681 0.006134 0.005629 0.005164 0.004736 0.004341 0.003978 0.003644 0.003336 0.003054 0.002794 0.002555 0.002336 0.002135 0.001950 0.001781 0.001626 0.001483 0.001353 0.001234 0.001124 0.001024 0.000933 0.000849 0.000773 0.000703 0.000639 0.000581 0.000528 0.000480 0.000436 0.000395 0.000359 0.000325 0.000295 0.000267 0.000242 0.000219 0.000198 0.000179 0.000162 0.000147 0.000133 0.000120 0.000108 0.000098 0.000088 0.000079 0.000072 0.000065 0.000058 0.000052 0.000047 0.000042 0.000038 0.000034 0.000031 0.000028 0.000025
0.006681 0.006134 0.005629 0.005164 0.004736 0.004341 0.003978 0.003644 0.003336 0.003054 0.002794 0.002555 0.002336 0.002135 0.001950 0.001781 0.001626 0.001483 0.001353 0.001234 0.001124 0.001024 0.000933 0.000849 0.000773 0.000703 0.000639 0.000581 0.000528 0.000480 0.000436 0.000395 0.000359 0.000325 0.000295 0.000267 0.000242 0.000219 0.000198 0.000179 0.000162 0.000147 0.000133 0.000120 0.000108 0.000098 0.000088 0.000079 0.000072 0.000065 0.000058 0.000052 0.000047 0.000042 0.000038 0.000034 0.000031 0.000028 0.000025
0.006681 0.006134 0.005629 0.005164 0.004736 0.004341 0.003978 0.003644 0.003336 0.003054 0.002794 0.002555 0.002336 0.002135 0.001950 0.001781 0.001626 0.001483 0.001353 0.001234 0.001124 0.001024 0.000933 0.000849 0.000773 0.000703 0.000639 0.000581 0.000528 0.000480 0.000436 0.000395 0.000359 0.000325 0.000295 0.000267 0.000242 0.000219 0.000198 0.000179 0.000162 0.000147 0.000133 0.000120 0.000108 0.000098 0.000088 0.000079 0.000072 0.000065 0.000058 0.000052 0.000047 0.000042 0.000038 0.000034 0.000031 0.000028 0.000025
0.006681 0.006134 0.005629 0.005164 0.004736 0.004341 0.003978 0.003644 0.003336 0.003054 0.002794 0.002555 0.002336 0.002135 0.001950 0.001781 0.001626 0.001483 0.001353 0.001234 0.001124 0.001024 0.000933 0.000849 0.000773 0.000703 0.000639 0.000581 0.000528 0.000480 0.000436 0.000395 0.000359 0.000325 0.000295 0.000267 0.000242 0.000219 0.000198 0.000179 0.000162 0.000147 0.000133 0.000120 0.000108 0.000098 0.000088 0.000079 0.000072 0.000065 0.000058 0.000052 0.000047 0.000042 0.000038 0.000034 0.000031 0.000028 0.000025
0.006681 0.006134 0.005629 0.005164 0.004736 0.004341 0.003978 0.003644 0.003336 0.003054 0.002794 0.002555 0.002336 0.002135 0.001950 0.001781 0.001626 0.001483 0.001353 0.001234 0.001124 0.001024 0.000933 0.000849 0.000773 0.000703 0.000639 0.000581 0.000528 0.000480 0.000436 0.000395 0.000359 0.000325 0.000295 0.000267 0.000242 0.000219 0.000198 0.000179 0.000162 0.000147 0.000133 0.000120 0.000108 0.000098 0.000088 0.000079 0.000072 0.000065 0.000058 0.000052 0.000047 0.000042 0.000038 0.000034 0.000031 0.000028 0.000025
0.006681 0.006134 0.005629 0.005164 0.004736 0.004341 0.003978 0.003644 0.003336 0.003054 0.002794 0.002555 0.002336 0.002135 0.001950 0.001781 0.001626 0.001483 0.001353 0.001234 0.001124 0.001024 0.000933 0.000849 0.000773 0.000703 0.000639 0.000581 0.000528 0.000480 0.000436 0.000395 0.000359 0.000325 0.000295 0.000267 0.000242 0.000219 0.000198 0.000179 0.000162 0.000147 0.000133 0.000120 0.000108 0.000098 0.000088 0.000079 0.000072 0.000065 0.000058 0.000052 0.000047 0.000042 0.000038 0.000034 0.000031 0.000028 0.000025
0.006681 0.006134 0.005629 0.005164 0.004736 0.004341 0.003978 0.003644 0.003336 0.003054 0.002794 0.002555 0.002336 0.002135 0.001950 0.001781 0.001626 0.001483 0.001353 0.001234 0.001124 0.001024 0.000933 0.000849 0.000773 0.000703 0.000639 0.000581 0.000528 0.000480 0.000436 0.000395 0.000359 0.000325 0.000295 0.000267 0.000242 0.000219 0.000198 0.000179 0.000162 0.000147 0.000133 0.000120 0.000108 0.000098 0.000088 0.000079 0.000072 0.000065 0.000058 0.000052 0.000047 0.000042 0.000038 0.000034 0.000031 0.000028 0.000025
0.006681 0.006134 0.005629 0.005164 0.004736 0.004341 0.003978 0.003644 0.003336 0.003054 0.002794 0.002555 0.002336 0.002135 0.001950 0.001781 0.001626 0.001483 0.001353 0.001234 0.001124 0.001024 0.000933 0.000849 0.000773 0.000703 0.000639 0.000581 0.000528 0.000480 0.000436 0.000395 0.000359 0.000325 0.000295 0.000267 0.000242 0.000219 0.000198 0.000179 0.000162 0.000147 0.000133 0.000120 0.000108 0.000098 0.000088 0.000079 0.000072 0.000065 0.000058 0.000052 0.000047 0.000042 0.000038 0.000034 0.000031 0.000028 0.000025
0.006681 0.006134 0.005629 0.005164 0.004736 0.004341 0.003978 0.003644 0.003336 0.003054 0.002794 0.002555 0.002336 0.002135 0.001950 0.001781 0.001626 0.001483 0.001353 0.001234 0.001124 0.001024 0.000933 0.000849 0.000773 0.000703 0.000639 0.000581 0.000528 0.000480 0.000436 0.000395 0.000359 0.000325 0.000295 0.000267 0.000242 0.000219 0.000198 0.000179 0.000162 0.000147 0.000133 0.000120 0.000108 0.000098 0.000088 0.000079 0.000072 0.000065 0.000058 0.000052 0.000047 0.000042 0.000038 0.000034 0.000031 0.000028 0.000025
0.006681 0.006134 0.005629 0.005164 0.004736 0.004341 0.003978 0.003644 0.003336 0.003054 0.002794 0.002555 0.002336 0.002135 0.001950 0.001781 0.001626 0.001483 0.001353 0.001234 0.001124 0.001024 0.000933 0.000849 0.000773 0.000703 0.000639 0.000581 0.000528 0.000480 0.000436 0.000395 0.000359 0.000325 0.000295 0.000267 0.000242 0.000219 0.000198 0.000179 0.000162 0.000147 0.000133 0.000120 0.000108 0.000098 0.000088 0.000079 0.000072 0.000065 0.000058 0.000052 0.000047 0.000042 0.000038 0.000034 0.000031 0.000028 0.000025
0.006681 0.006134 0.005629 0.005164 0.004736 0.004341 0.003978 0.003644 0.003336 0.003054 0.002794 0.002555 0.002336 0.002135 0.001950 0.001781 0.001626 0.001483 0.001353 0.001234 0.001124 0.001024 0.000933 0.000849 0.000773 0.000703 0.000639 0.000581 0.000528 0.000480 0.000436 0.000395 0.000359 0.000325 0.000295 0.000267 0.000242 0.000219 0.000198 0.000179 0.000162 0.000147 0.000133 0.000120 0.000108 0.000098 0.000088 0.000079 0.000072 0.000065 0.000058 0.000052 0.000047 0.000042 0.000038 0.000034 0.000031 0.000028 0.000025
0.006681 0.006134 0.005629 0.005164 0.004736 0.004341 0.003978 0.003644 0.003336 0.003054 0.002794 0.002555 0.002336 0.002135 0.001950 0.001781 0.001626 0.001483 0.001353 0.001234 0.001124 0.001024 0.000933 0.000849 0.000773 0.000703 0.000639 0.000581 0.000528 0.000480 0.000436 0.000395 0.000359 0.000325 0.000295 0.000267 0.000242 0.000219 0.000198 0.000179 0.000162 0.000147 0.000133 0.000120 0.000108 0.000098 0.000088 0.000079 0.000072 0.000065 0.000058 0.000052 0.000047 0.000042 0.000038 0.000034 0.000031 0.000028 0.000025
0.006681 0.006134 0.005629 0.005164 0.004736 0.004341 0.003978 0.003644 0.003336 0.003054 0.002794 0.002555 0.002336 0.002135 0.001950 0.001781 0.001626 0.001483 0.001353 0.001234 0.001124 0.001024 0.000933 0.000849 0.000773 0.000703 0.000639 0.000581 0.000528 0.000480 0.000436 0.000395 0.000359 0.000325 0.000295 0.000267 0.000242 0.000219 0.000198 0.000179 0.000162 0.000147 0.000133 0.000120 0.000108 0.000098 0.000088 0.000079 0.000072 0.000065 0.000058 0.000052 0.000047 0.000042 0.000038 0.000034 0.000031 0.000028 0.000025
0.006681 0.006134 0.005629 0.005164 0.004736 0.004341 0.003978 0.003644 0.003336 0.003054 0.002794 0.002555 0.002336 0.002135 0.001950 0.001781 0.001626 0.001483 0.001353 0.001234 0.001124 0.001024 0.000933 0.000849 0.000773 0.000703 0.000639 0.000581 0.000528 0.000480 0.000436 0.000395 0.000359 0.000325 0.000295 0.000267 0.000242 0.000219 0.000198 0.000179 0.000162 0.000147 0.000133 0.000120 0.000108 0.000098 0.000088 0.000079 0.000072 0.000065 0.000058 0.000052 0.000047 0.000042 0.000038 0.000034 0.000031 0.000028 0.000025
0.006681 0.006134 0.005629 0.005164 0.004736 0.004341 0.003978 0.003644 0.003336 0.003054 0.002794 0.002555 0.002336 0.002135 0.001950 0.001781 0.001626 0.001483 0.001353 0.001234 0.001124 0.001024 0.000933 0.000849 0.000773 0.000703 0.000639 0.000581 0.000528 0.000480 0.000436 0.000395 0.000359 0.000325 0.000295 0.000267 0.000242 0.000219 0.000198 0.000179 0.000162 0.000147 0.000133 0.000120 0.000108 0.000098 0.000088 0.000079 0.000072 0.000065 0.000058 0.000052 0.000047 0.000042 0.000038 0.000034 0.000031 0.000028 0.000025
0.006681 0.006134 0.005629 0.005164 0.004736 0.004341 0.003978 0.003644 0.003336 0.003054 0.002794 0.002555 0.002336 0.002135 0.001950 0.001781 0.001626 0.001483 0.001353 0.001234 0.001124 0.001024 0.000933 0.000849 0.000773 0.000703 0.000639 0.000581 0.000528 0.000480 0.000436 0.000395 0.000359 0.000325 0.000295 0.000267 0.000242 0.000219 0.000198 0.000179 0.000162 0.000147 0.000133 0.000120 0.000108 0.000098 0.000088 0.000079 0.000072 0.000065 0.000058 0.000052 0.000047 0.000042 0.000038 0.000034 0.000031 0.000028 0.000025
0.006681 0.006134 0.005629 0.005164 0.004736 0.004341 0.003978 0.003644 0.003336 0.003054 0.002794 0.002555 0.002336 0.002135 0.001950 0.001781 0.001626 0.001483 0.001353 0.001234 0.001124 0.001024 0.000933 0.000849 0.000773 0.000703 0.000639 0.000581 0.000528 0.000480 0.000436 0.000395 0.000359 0.000325 0.000295 0.000267 0.000242 0.000219 0.000198 0.000179 0.000162 0.000147 0.000133 0.000120 0.000108 0.000098 0.000088 0.000079 0.000072 0.000065 0.000058 0.000052 0.000047 0.000042 0.000038 0.000034 0.000031 0.000028 0.000025
0.006681 0.006134 0.005629 0.005164 0.004736 0.004341 0.003978 0.003644 0.003336 0.003054 0.002794 0.002555 0.002336 0.002135 0.001950 0.001781 0.001626 0.001483 0.001353 0.001234 0.001124 0.001024 0.000933 0.000849 0.000773 0.000703 0.000639 0.000581 0.000528 0.000480 0.000436 0.000395 0.000359 0.000325 0.000295 0.000267 0.000242 0.000219 0.000198 0.000179 0.000162 0.000147 0.000133 0.000120 0.000108 0.000098 0.000088 0.000079 0.000072 0.000065 0.000058 0.000052 0.000047 0.000042 0.000038 0.000034 0.000031 0.000028 0.000025
0.006681 0.006134 0.005629 0.005164 0.004736 0.004341 0.003978 0.003644 0.003336 0.003054 0.002794 0.002555 0.002336 0.002135 0.001950 0.001781 0.001626 0.001483 0.001353 0.001234 0.001124 0.001024 0.000933 0.000849 0.000773 0.000703 0.000639 0.000581 0.000528 0.000480 0.000436 0.000395 0.000359 0.000325 0.000295 0.000267 0.000242 0.000219 0.000198 0.000179 0.000162 0.000147 0.000133 0.000120 0.000108 0.000098 0.000088 0.000079 0.000072 0.000065 0.000058 0.000052 0.000047 0.000042 0.000038 0.000034 0.000031 0.000028 0.000025
0.006681 0.006134 0.005629 0.005164 0.004736 0.004341 0.003978 0.003644 0.003336 0.003054 0.002794 0.002555 0.002336 0.002135 0.001950 0.001781 0.001626 0.001483 0.001353 0.001234 0.001124 0.001024 0.000933 0.000849 0.000773 0.000703 0.000639 0.000581 0.000528 0.000480 0.000436 0.000395 0.000359 0.000325 0.000295 0.000267 0.000242 0.000219 0.000198 0.000179 0.000162 0.000147 0.000133 0.000120 0.000108 0.000098 0.000088 0.000079 0.000072 0.000065 0.000058 0.000052 0.000047 0.000042 0.000038 0.000034 0.000031 0.000028 0.000025
