examples/FlowPy_PF_DAM_PF_Topo.asc
nCols  701
nRows  301
xllcenter  0.00
yllcenter 0.00
cellsize  5
nodata_value -9999.00
[rows 216 to 242 of 301, columns 354 to 412 of 701]
45.523560 44.576288 43.640162 42.714805 41.799946 40.895390 40.001002 39.116685 38.242374 37.378026 36.523610 35.679106 34.844501 34.019787 33.204958 32.400012 31.604945 30.819757 30.044447 29.279014 28.523457 27.777778 27.041976 26.316049 25.600000 24.893827 24.197531 23.511111 22.834568 22.167901 21.511111 20.864198 20.227160 19.600000 18.982716 18.375309 17.777778 17.190123 16.612346 16.044444 15.486420 14.938272 14.400000 13.871605 13.353086 12.844444 12.345679 11.856790 11.377778 10.908642 10.449383 10.000000 9.560494 9.130864 8.711111 8.301235 7.901235 7.511111 7.130864
45.523560 44.576288 43.640162 42.714805 41.799946 40.895390 40.001002 39.116685 38.242374 37.378026 36.523610 35.679106 34.844501 34.019787 33.204958 32.400012 31.604945 30.819757 30.044447 29.279014 28.523457 27.777778 27.041976 26.316049 25.600000 24.893827 24.197531 23.511111 22.834568 22.167901 21.511111 20.864198 20.227160 19.600000 18.982716 18.375309 17.777778 17.190123 16.612346 16.044444 15.486420 14.938272 14.400000 13.871605 13.353086 12.844444 12.345679 11.856790 11.377778 10.908642 10.449383 10.000000 9.560494 9.130864 8.711111 8.301235 7.901235 7.511111 7.130864
45.523560 44.576288 43.640162 42.714805 41.799946 40.895390 40.001002 39.116685 38.242374 37.378026 36.523610 35.679106 34.844501 34.019787 33.204958 32.400012 31.604945 30.819757 30.044447 29.279014 28.523457 27.777778 27.041976 26.316049 25.600000 24.893827 24.197531 23.511111 22.834568 22.167901 21.511111 20.864198 20.227160 19.600000 18.982716 18.375309 17.777778 17.190123 16.612346 16.044444 15.486420 14.938272 14.400000 13.871605 13.353086 12.844444 12.345679 11.856790 11.377778 10.908642 10.449383 10.000000 9.560494 9.130864 8.711111 8.301235 7.901235 7.511111 7.130864
45.523560 44.576288 43.640162 42.714805 41.799946 40.895390 40.001002 39.116685 38.242374 37.378026 36.523610 35.679106 34.844501 34.019787 33.204958 32.400012 31.604945 30.819757 30.044447 29.279014 28.523457 27.777778 27.041976 26.316049 25.600000 24.893827 24.197531 23.511111 22.834568 22.167901 21.511111 20.864198 20.227160 19.600000 18.982716 18.375309 17.777778 17.190123 16.612346 16.044444 15.486420 14.938272 14.400000 13.871605 13.353086 12.844444 12.345679 11.856790 11.377778 10.908642 10.449383 10.000000 9.560494 9.130864 8.711111 8.301235 7.901235 7.511111 7.130864
45.523560 44.576288 43.640162 42.714805 41.799946 40.895390 40.001002 39.116685 38.242374 37.378026 36.523610 35.679106 34.844501 34.019787 33.204958 32.400012 31.604945 30.819757 30.044447 29.279014 28.523457 27.777778 27.041976 26.316049 25.600000 24.893827 24.197531 23.511111 22.834568 22.167901 21.511111 20.864198 20.227160 19.600000 18.982716 18.375309 17.777778 17.190123 16.612346 16.044444 15.486420 14.938272 14.400000 13.871605 13.353086 12.844444 12.345679 11.856790 11.377778 10.908642 10.449383 10.000000 9.560494 9.130864 8.711111 8.301235 7.901235 7.511111 7.130864
45.523560 44.576288 43.640162 42.714805 41.799946 40.895390 40.001002 39.116685 38.242374 37.378026 36.523610 35.679106 34.844501 34.019787 33.204958 32.400012 31.604945 30.819757 30.044447 29.279014 28.523457 27.777778 27.041976 26.316049 25.600000 24.893827 24.197531 23.511111 22.834568 22.167901 21.511111 20.864198 20.227160 19.600000 18.982716 18.375309 17.777778 17.190123 16.612346 16.044444 15.486420 14.938272 14.400000 13.871605 13.353086 12.844444 12.345679 11.856790 11.377778 10.908642 10.449383 10.000000 9.560494 9.130864 8.711111 8.301235 7.901235 7.511111 7.130864
45.523560 44.576288 43.640162 42.714805 41.799946 40.895390 40.001002 39.116685 38.242374 37.378026 36.523610 35.679106 34.844501 34.019787 33.204958 32.400012 31.604945 30.819757 30.044447 29.279014 28.523457 27.777778 27.041976 26.316049 25.600000 24.893827 24.197531 23.511111 22.834568 22.167901 21.511111 20.864198 20.227160 19.600000 18.982716 18.375309 17.777778 17.190123 16.612346 16.044444 15.486420 14.938272 14.400000 13.871605 13.353086 12.844444 12.345679 11.856790 11.377778 10.908642 10.449383 10.000000 9.560494 9.130864 8.711111 8.301235 7.901235 7.511111 7.130864
45.523560 44.576288 43.640162 42.714805 41.799946 40.895390 40.001002 39.116685 38.242374 37.378026 36.523610 35.679106 34.844501 34.019787 33.204958 32.400012 31.604945 30.819757 30.044447 29.279014 28.523457 27.777778 27.041976 26.316049 25.600000 24.893827 24.197531 23.511111 22.834568 22.167901 21.511111 20.864198 20.227160 19.600000 18.982716 18.375309 17.777778 17.190123 16.612346 16.044444 15.486420 14.938272 14.400000 13.871605 13.353086 12.844444 12.345679 11.856790 11.377778 10.908642 10.449383 10.000000 9.560494 9.130864 8.711111 8.301235 7.901235 7.511111 7.130864
45.523560 44.576288 43.640162 42.714805 41.799946 40.895390 40.001002 39.116685 38.242374 37.378026 36.523610 35.679106 34.844501 34.019787 33.204958 32.400012 31.604945 30.819757 30.044447 29.279014 28.523457 27.777778 27.041976 26.316049 25.600000 24.893827 24.197531 23.511111 22.834568 22.167901 21.511111 20.864198 20.227160 19.600000 18.982716 18.375309 17.777778 17.190123 16.612346 16.044444 15.486420 14.938272 14.400000 13.871605 13.353086 12.844444 12.345679 11.856790 11.377778 10.908642 10.449383 10.000000 9.560494 9.130864 8.711111 8.301235 7.901235 7.511111 7.130864
45.523560 44.576288 43.640162 42.714805 41.799946 40.895390 40.001002 39.116685 38.242374 37.378026 36.523610 35.679106 34.844501 34.019787 33.204958 32.400012 31.604945 30.819757 30.044447 29.279014 28.523457 27.777778 27.041976 26.316049 25.600000 24.893827 24.197531 23.511111 22.834568 22.167901 21.511111 20.864198 20.227160 19.600000 18.982716 18.375309 17.777778 17.190123 16.612346 16.044444 15.486420 14.938272 14.400000 13.871605 13.353086 12.844444 12.345679 11.856790 11.377778 10.908642 10.449383 10.000000 9.560494 9.130864 8.711111 8.301235 7.901235 7.511111 7.130864
45.523560 44.576288 43.640162 42.714805 41.799946 40.895390 40.001002 39.116685 38.242374 37.378026 36.523610 35.679106 34.844501 34.019787 33.204958 32.400012 31.604945 30.819757 30.044447 29.279014 28.523457 27.777778 27.041976 26.316049 25.600000 24.893827 24.197531 23.511111 22.834568 22.167901 21.511111 20.864198 20.227160 19.600000 18.982716 18.375309 17.777778 17.190123 16.612346 16.044444 15.486420 14.938272 14.400000 13.871605 13.353086 12.844444 12.345679 11.856790 11.377778 10.908642 10.449383 10.000000 9.560494 9.130864 8.711111 8.301235 7.901235 7.511111 7.130864
45.523560 44.576288 43.640162 42.714805 41.799946 40.895390 40.001002 39.116685 38.242374 37.378026 36.523610 35.679106 34.844501 34.019787 33.204958 32.400012 31.604945 30.819757 30.044447 29.279014 28.523457 27.777778 27.041976 26.316049 25.600000 24.893827 24.197531 23.511111 22.834568 22.167901 21.511111 20.864198 20.227160 19.600000 18.982716 18.375309 17.777778 17.190123 16.612346 16.044444 15.486420 14.938272 14.400000 13.871605 13.353086 12.844444 12.345679 11.856790 11.377778 10.908642 10.449383 10.000000 9.560494 9.130864 8.711111 8.301235 7.901235 7.511111 7.130864
45.523560 44.576288 43.640162 42.714805 41.799946 40.895390 40.001002 39.116685 38.242374 37.378026 36.523610 35.679106 34.844501 34.019787 33.204958 32.400012 31.604945 30.819757 30.044447 29.279014 28.523457 27.777778 27.041976 26.316049 25.600000 24.893827 24.197531 23.511111 22.834568 22.167901 21.511111 20.864198 20.227160 19.600000 18.982716 18.375309 17.777778 17.190123 16.612346 16.044444 15.486420 14.938272 14.400000 13.871605 13.353086 12.844444 12.345679 11.856790 11.377778 10.908642 10.449383 10.000000 9.560494 9.130864 8.711111 8.301235 7.901235 7.511111 7.130864
45.523560 44.576288 43.640162 42.714805 41.799946 40.895390 40.001002 39.116685 38.242374 37.378026 36.523610 35.679106 34.844501 34.019787 33.204958 32.400012 31.604945 30.819757 30.044447 29.279014 28.523457 27.777778 27.041976 26.316049 25.600000 24.893827 24.197531 23.511111 22.834568 22.167901 21.511111 20.864198 20.227160 19.600000 18.982716 18.375309 17.777778 17.190123 16.612346 16.044444 15.486420 14.938272 14.400000 13.871605 13.353086 12.844444 12.345679 11.856790 11.377778 10.908642 10.449383 10.000000 9.560494 9.130864 8.711111 8.301235 7.901235 7.511111 7.130864
45.523560 44.576288 43.640162 42.714805 41.799946 40.895390 40.001002 39.116685 38.242374 37.378026 36.523610 35.679106 34.844501 34.019787 33.204958 32.400012 31.604945 30.819757 30.044447 29.279014 28.523457 27.777778 27.041976 26.316049 25.600000 24.893827 24.197531 23.511111 22.834568 22.167901 21.511111 20.864198 20.227160 19.600000 18.982716 18.375309 17.777778 17.190123 16.612346 16.044444 15.486420 14.938272 14.400000 13.871605 13.353086 12.844444 12.345679 11.856790 11.377778 10.908642 10.449383 10.000000 9.560494 9.130864 8.711111 8.301235 7.901235 7.511111 7.130864
45.523560 44.576288 43.640162 42.714805 41.799946 40.895390 40.001002 39.116685 38.242374 37.378026 36.523610 35.679106 34.844501 34.019787 33.204958 32.400012 31.604945 30.819757 30.044447 29.279014 28.523457 27.777778 27.041976 26.316049 25.600000 24.893827 24.197531 23.511111 22.834568 22.167901 21.511111 20.864198 20.227160 19.600000 18.982716 18.375309 17.777778 17.190123 16.612346 16.044444 15.486420 14.938272 14.400000 13.871605 13.353086 12.844444 12.345679 11.856790 11.377778 10.908642 10.449383 10.000000 9.560494 9.130864 8.711111 8.301235 7.901235 7.511111 7.130864
45.523560 44.576288 43.640162 42.714805 41.799946 40.895390 40.001002 39.116685 38.242374 37.378026 36.523610 35.679106 34.844501 34.019787 33.204958 32.400012 31.604945 30.819757 30.044447 29.279014 28.523457 27.777778 27.041976 26.316049 25.600000 24.893827 24.197531 23.511111 22.834568 22.167901 21.511111 20.864198 20.227160 19.600000 18.982716 18.375309 17.777778 17.190123 16.612346 16.044444 15.486420 14.938272 14.400000 13.871605 13.353086 12.844444 12.345679 11.856790 11.377778 10.908642 10.449383 10.000000 9.560494 9.130864 8.711111 8.301235 7.901235 7.511111 7.130864
45.523560 44.576288 43.640162 42.714805 41.799946 40.895390 40.001002 39.116685 38.242374 37.378026 36.523610 35.679106 34.844501 34.019787 33.204958 32.400012 31.604945 30.819757 30.044447 29.279014 28.523457 27.777778 27.041976 26.316049 25.600000 24.893827 24.197531 23.511111 22.834568 22.167901 21.511111 20.864198 20.227160 19.600000 18.982716 18.375309 17.777778 17.190123 16.612346 16.044444 15.486420 14.938272 14.400000 13.871605 13.353086 12.844444 12.345679 11.856790 11.377778 10.908642 10.449383 10.000000 9.560494 9.130864 8.711111 8.301235 7.901235 7.511111 7.130864
45.523560 44.576288 43.640162 42.714805 41.799946 40.895390 40.001002 39.116685 38.242374 37.378026 36.523610 35.679106 34.844501 34.019787 33.204958 32.400012 31.604945 30.819757 30.044447 29.279014 28.523457 27.777778 27.041976 26.316049 25.600000 24.893827 24.197531 23.511111 22.834568 22.167901 21.511111 20.864198 20.227160 19.600000 18.982716 18.375309 17.777778 17.190123 16.612346 16.044444 15.486420 14.938272 14.400000 13.871605 13.353086 12.844444 12.345679 11.856790 11.377778 10.908642 10.449383 10.000000 9.560494 9.130864 8.711111 8.301235 7.901235 7.511111 7.130864
45.523560 44.576288 43.640162 42.714805 41.799946 40.895390 40.001002 39.116685 38.242374 37.378026 36.523610 35.679106 34.844501 34.019787 33.204958 32.400012 31.604945 30.819757 30.044447 29.279014 28.523457 27.777778 27.041976 26.316049 25.600000 24.893827 24.197531 23.511111 22.834568 22.167901 21.511111 20.864198 20.227160 19.600000 18.982716 18.375309 17.777778 17.190123 16.612346 16.044444 15.486420 14.938272 14.400000 13.871605 13.353086 12.844444 12.345679 11.856790 11.377778 10.908642 10.449383 10.000000 9.560494 9.130864 8.711111 8.301235 7.901235 7.511111 7.130864
45.523560 44.576288 43.640162 42.714805 41.799946 40.895390 40.001002 39.116685 38.242374 37.378026 36.523610 35.679106 34.844501 34.019787 33.204958 32.400012 31.604945 30.819757 30.044447 29.279014 28.523457 27.777778 27.041976 26.316049 25.600000 24.893827 24.197531 23.511111 22.834568 22.167901 21.511111 20.864198 20.227160 19.600000 18.982716 18.375309 17.777778 17.190123 16.612346 16.044444 15.486420 14.938272 14.400000 13.871605 13.353086 12.844444 12.345679 11.856790 11.377778 10.908642 10.449383 10.000000 9.560494 9.130864 8.711111 8.301235 7.901235 7.511111 7.130864
45.523560 44.576288 43.640162 42.714805 41.799946 40.895390 40.001002 39.116685 38.242374 37.378026 36.523610 35.679106 34.844501 34.019787 33.204958 32.400012 31.604945 30.819757 30.044447 29.279014 28.523457 27.777778 27.041976 26.316049 25.600000 24.893827 24.197531 23.511111 22.834568 22.167901 21.511111 20.864198 20.227160 19.600000 18.982716 18.375309 17.777778 17.190123 16.612346 16.044444 15.486420 14.938272 14.400000 13.871605 13.353086 12.844444 12.345679 11.856790 11.377778 10.908642 10.449383 10.000000 9.560494 9.130864 8.711111 8.301235 7.901235 7.511111 7.130864
45.523560 44.576288 43.640162 42.714805 41.799946 40.895390 40.001002 39.116685 38.242374 37.378026 36.523610 35.679106 34.844501 34.019787 33.204958 32.400012 31.604945 30.819757 30.044447 29.279014 28.523457 27.777778 27.041976 26.316049 25.600000 24.893827 24.197531 23.511111 22.834568 22.167901 21.511111 20.864198 20.227160 19.600000 18.982716 18.375309 17.777778 17.190123 16.612346 16.044444 15.486420 14.938272 14.400000 13.871605 13.353086 12.844444 12.345679 11.856790 11.377778 10.908642 10.449383 10.000000 9.560494 9.130864 8.711111 8.301235 7.901235 7.511111 7.130864
45.523560 44.576288 43.640162 42.714805 41.799946 40.895390 40.001002 39.116685 38.242374 37.378026 36.523610 35.679106 34.844501 34.019787 33.204958 32.400012 31.604945 30.819757 30.044447 29.279014 28.523457 27.777778 27.041976 26.316049 25.600000 24.893827 24.197531 23.511111 22.834568 22.167901 21.511111 20.864198 20.227160 19.600000 18.982716 18.375309 17.777778 17.190123 16.612346 16.044444 15.486420 14.938272 14.400000 13.871605 13.353086 12.844444 12.345679 11.856790 11.377778 10.908642 10.449383 10.000000 9.560494 9.130864 8.711111 8.301235 7.901235 7.511111 7.130864
45.523560 44.576288 43.640162 42.714805 41.799946 40.895390 40.001002 39.116685 38.242374 37.378026 36.523610 35.679106 34.844501 34.019787 33.204958 32.400012 31.604945 30.819757 30.044447 29.279014 28.523457 27.777778 27.041976 26.316049 25.600000 24.893827 24.197531 23.511111 22.834568 22.167901 21.511111 20.864198 20.227160 19.600000 18.982716 18.375309 17.777778 17.190123 16.612346 16.044444 15.486420 14.938272 14.400000 13.871605 13.353086 12.844444 12.345679 11.856790 11.377778 10.908642 10.449383 10.000000 9.560494 9.130864 8.711111 8.301235 7.901235 7.511111 7.130864
45.523560 44.576288 43.640162 42.714805 41.799946 40.895390 40.001002 39.116685 38.242374 37.378026 36.523610 35.679106 34.844501 34.019787 33.204958 32.400012 31.604945 30.819757 30.044447 29.279014 28.523457 27.777778 27.041976 26.316049 25.600000 24.893827 24.197531 23.511111 22.834568 22.167901 21.511111 20.864198 20.227160 19.600000 18.982716 18.375309 17.777778 17.190123 16.612346 16.044444 15.486420 14.938272 14.400000 13.871605 13.353086 12.844444 12.345679 11.856790 11.377778 10.908642 10.449383 10.000000 9.560494 9.130864 8.711111 8.301235 7.901235 7.511111 7.130864
45.523560 44.576288 43.640162 42.714805 41.799946 40.895390 40.001002 39.116685 38.242374 37.378026 36.523610 35.679106 34.844501 34.019787 33.204958 32.400012 31.604945 30.819757 30.044447 29.279014 28.523457 27.777778 27.041976 26.316049 25.600000 24.893827 24.197531 23.511111 22.834568 22.167901 21.511111 20.864198 20.227160 19.600000 18.982716 18.375309 17.777778 17.190123 16.612346 16.044444 15.486420 14.938272 14.400000 13.871605 13.353086 12.844444 12.345679 11.856790 11.377778 10.908642 10.449383 10.000000 9.560494 9.130864 8.711111 8.301235 7.901235 7.511111 7.130864
