examples/FlowPy_PF_DAM_PF_Topo.asc
nCols  701
nRows  301
xllcenter  0.00
yllcenter 0.00
cellsize  5
nodata_value -9999.00
[rows 108 to 134 of 301, columns 236 to 294 of 701]
226.153086 224.044444 221.945679 219.856790 217.777778 215.708642 213.649383 211.600000 209.560494 207.530864 205.511111 203.501235 201.501235 199.511111 197.530864 195.560494 193.600000 191.649383 189.708642 187.777778 185.856791 183.945680 182.044447 180.153090 178.271612 176.400012 174.538291 172.686453 170.844501 169.012439 167.190276 165.378026 163.575708 161.783352 160.001002 158.228724 156.466612 154.714805 152.973495 151.242954 149.523560 147.815826 146.120446 144.438345 142.770737 141.119193 139.485724 137.872857 136.283730 134.722169 133.192773 131.700966 130.253035 128.856125 127.518176 126.247814 125.054146 123.946497 122.934041
226.153086 224.044444 221.945679 219.856790 217.777778 215.708642 213.649383 211.600000 209.560494 207.530864 205.511111 203.501235 201.501235 199.511111 197.530864 195.560494 193.600000 191.649383 189.708642 187.777778 185.856791 183.945680 182.044447 180.153090 178.271612 176.400012 174.538291 172.686453 170.844501 169.012439 167.190276 165.378026 163.575708 161.783352 160.001002 158.228724 156.466612 154.714805 152.973495 151.242954 149.523560 147.815826 146.120446 144.438345 142.770737 141.119193 139.485724 137.872857 136.283730 134.722169 133.192773 131.700966 130.253035 128.856125 127.518176 126.247814 125.054146 123.946497 122.934041
226.153086 224.044444 221.945679 219.856790 217.777778 215.708642 213.649383 211.600000 209.560494 207.530864 205.511111 203.501235 201.501235 199.511111 197.530864 195.560494 193.600000 191.649383 189.708642 187.777778 185.856791 183.945680 182.044447 180.153090 178.271612 176.400012 174.538291 172.686453 170.844501 169.012439 167.190276 165.378026 163.575708 161.783352 160.001002 158.228724 156.466612 154.714805 152.973495 151.242954 149.523560 147.815826 146.120446 144.438345 142.770737 141.119193 139.485724 137.872857 136.283730 134.722169 133.192773 131.700966 130.253035 128.856125 127.518176 126.247814 125.054146 123.946497 122.934041
226.153086 224.044444 221.945679 219.856790 217.777778 215.708642 213.649383 211.600000 209.560494 207.530864 205.511111 203.501235 201.501235 199.511111 197.530864 195.560494 193.600000 191.649383 189.708642 187.777778 185.856791 183.945680 182.044447 180.153090 178.271612 176.400012 174.538291 172.686453 170.844501 169.012439 167.190276 165.378026 163.575708 161.783352 160.001002 158.228724 156.466612 154.714805 152.973495 151.242954 149.523560 147.815826 146.120446 144.438345 142.770737 141.119193 139.485724 137.872857 136.283730 134.722169 133.192773 131.700966 130.253035 128.856125 127.518176 126.247814 125.054146 123.946497 122.934041
226.153086 224.044444 221.945679 219.856790 217.777778 215.708642 213.649383 211.600000 209.560494 207.530864 205.511111 203.501235 201.501235 199.511111 197.530864 195.560494 193.600000 191.649383 189.708642 187.777778 185.856791 183.945680 182.044447 180.153090 178.271612 176.400012 174.538291 172.686453 170.844501 169.012439 167.190276 165.378026 163.575708 161.783352 160.001002 158.228724 156.466612 154.714805 152.973495 151.242954 149.523560 147.815826 146.120446 144.438345 142.770737 141.119193 139.485724 137.872857 136.283730 134.722169 133.192773 131.700966 130.253035 128.856125 127.518176 126.247814 125.054146 123.946497 122.934041
226.153086 224.044444 221.945679 219.856790 217.777778 215.708642 213.649383 211.600000 209.560494 207.530864 205.511111 203.501235 201.501235 199.511111 197.530864 195.560494 193.600000 191.649383 189.708642 187.777778 185.856791 183.945680 182.044447 180.153090 178.271612 176.400012 174.538291 172.686453 170.844501 169.012439 167.190276 165.378026 163.575708 161.783352 160.001002 158.228724 156.466612 154.714805 152.973495 151.242954 149.523560 147.815826 146.120446 144.438345 142.770737 141.119193 139.485724 137.872857 136.283730 134.722169 133.192773 131.700966 130.253035 128.856125 127.518176 126.247814 125.054146 123.946497 122.934041
226.153086 224.044444 221.945679 219.856790 217.777778 215.708642 213.649383 211.600000 209.560494 207.530864 205.511111 203.501235 201.501235 199.511111 197.530864 195.560494 193.600000 191.649383 189.708642 187.777778 185.856791 183.945680 182.044447 180.153090 178.271612 176.400012 174.538291 172.686453 170.844501 169.012439 167.190276 165.378026 163.575708 161.783352 160.001002 158.228724 156.466612 154.714805 152.973495 151.242954 149.523560 147.815826 146.120446 144.438345 142.770737 141.119193 139.485724 137.872857 136.283730 134.722169 133.192773 131.700966 130.253035 128.856125 127.518176 126.247814 125.054146 123.946497 122.934041
226.153086 224.044444 221.945679 219.856790 217.777778 215.708642 213.649383 211.600000 209.560494 207.530864 205.511111 203.501235 201.501235 199.511111 197.530864 195.560494 193.600000 191.649383 189.708642 187.777778 185.856791 183.945680 182.044447 180.153090 178.271612 176.400012 174.538291 172.686453 170.844501 169.012439 167.190276 165.378026 163.575708 161.783352 160.001002 158.228724 156.466612 154.714805 152.973495 151.242954 149.523560 147.815826 146.120446 144.438345 142.770737 141.119193 139.485724 137.872857 136.283730 134.722169 133.192773 131.700966 130.253035 128.856125 127.518176 126.247814 125.054146 123.946497 122.934041
226.153086 224.044444 221.945679 219.856790 217.777778 215.708642 213.649383 211.600000 209.560494 207.530864 205.511111 203.501235 201.501235 199.511111 197.530864 195.560494 193.600000 191.649383 189.708642 187.777778 185.856791 183.945680 182.044447 180.153090 178.271612 176.400012 174.538291 172.686453 170.844501 169.012439 167.190276 165.378026 163.575708 161.783352 160.001002 158.228724 156.466612 154.714805 152.973495 151.242954 149.523560 147.815826 146.120446 144.438345 142.770737 141.119193 139.485724 137.872857 136.283730 134.722169 133.192773 131.700966 130.253035 128.856125 127.518176 126.247814 125.054146 123.946497 122.934041
226.153086 224.044444 221.945679 219.856790 217.777778 215.708642 213.649383 211.600000 209.560494 207.530864 205.511111 203.501235 201.501235 199.511111 197.530864 195.560494 193.600000 191.649383 189.708642 187.777778 185.856791 183.945680 182.044447 180.153090 178.271612 176.400012 174.538291 172.686453 170.844501 169.012439 167.190276 165.378026 163.575708 161.783352 160.001002 158.228724 156.466612 154.714805 152.973495 151.242954 149.523560 147.815826 146.120446 144.438345 142.770737 141.119193 139.485724 137.872857 136.283730 134.722169 133.192773 131.700966 130.253035 128.856125 127.518176 126.247814 125.054146 123.946497 122.934041
226.153086 224.044444 221.945679 219.856790 217.777778 215.708642 213.649383 211.600000 209.560494 207.530864 205.511111 203.501235 201.501235 199.511111 197.530864 195.560494 193.600000 191.649383 189.708642 187.777778 185.856791 183.945680 182.044447 180.153090 178.271612 176.400012 174.538291 172.686453 170.844501 169.012439 167.190276 165.378026 163.575708 161.783352 160.001002 158.228724 156.466612 154.714805 152.973495 151.242954 149.523560 147.815826 146.120446 144.438345 142.770737 141.119193 139.485724 137.872857 136.283730 134.722169 133.192773 131.700966 130.253035 128.856125 127.518176 126.247814 125.054146 123.946497 122.934041
226.153086 224.044444 221.945679 219.856790 217.777778 215.708642 213.649383 211.600000 209.560494 207.530864 205.511111 203.501235 201.501235 199.511111 197.530864 195.560494 193.600000 191.649383 189.708642 187.777778 185.856791 183.945680 182.044447 180.153090 178.271612 176.400012 174.538291 172.686453 170.844501 169.012439 167.190276 165.378026 163.575708 161.783352 160.001002 158.228724 156.466612 154.714805 152.973495 151.242954 149.523560 147.815826 146.120446 144.438345 142.770737 141.119193 139.485724 137.872857 136.283730 134.722169 133.192773 131.700966 130.253035 128.856125 127.518176 126.247814 125.054146 123.946497 122.934041
226.153086 224.044444 221.945679 219.856790 217.777778 215.708642 213.649383 211.600000 209.560494 207.530864 205.511111 203.501235 201.501235 199.511111 197.530864 195.560494 193.600000 191.649383 189.708642 187.777778 185.856791 183.945680 182.044447 180.153090 178.271612 176.400012 174.538291 172.686453 170.844501 169.012439 167.190276 165.378026 163.575708 161.783352 160.001002 158.228724 156.466612 154.714805 152.973495 151.242954 149.523560 147.815826 146.120446 144.438345 142.770737 141.119193 139.485724 137.872857 136.283730 134.722169 133.192773 131.700966 130.253035 128.856125 127.518176 126.247814 125.054146 123.946497 122.934041
226.153086 224.044444 221.945679 219.856790 217.777778 215.708642 213.649383 211.600000 209.560494 207.530864 205.511111 203.501235 201.501235 199.511111 197.530864 195.560494 193.600000 191.649383 189.708642 187.777778 185.856791 183.945680 182.044447 180.153090 178.271612 176.400012 174.538291 172.686453 170.844501 169.012439 167.190276 165.378026 163.575708 161.783352 160.001002 158.228724 156.466612 154.714805 152.973495 151.242954 149.523560 147.815826 146.120446 144.438345 142.770737 141.119193 139.485724 137.872857 136.283730 134.722169 133.192773 131.700966 130.253035 128.856125 127.518176 126.247814 125.054146 123.946497 122.934041
226.153086 224.044444 221.945679 219.856790 217.777778 215.708642 213.649383 211.600000 209.560494 207.530864 205.511111 203.501235 201.501235 199.511111 197.530864 195.560494 193.600000 191.649383 189.708642 187.777778 185.856791 183.945680 182.044447 180.153090 178.271612 176.400012 174.538291 172.686453 170.844501 169.012439 167.190276 165.378026 163.575708 161.783352 160.001002 158.228724 156.466612 154.714805 152.973495 151.242954 149.523560 147.815826 146.120446 144.438345 142.770737 141.119193 139.485724 137.872857 136.283730 134.722169 133.192773 131.700966 130.253035 128.856125 127.518176 126.247814 125.054146 123.946497 122.934041
226.153086 224.044444 221.945679 219.856790 217.777778 215.708642 213.649383 211.600000 209.560494 207.530864 205.511111 203.501235 201.501235 199.511111 197.530864 195.560494 193.600000 191.649383 189.708642 187.777778 185.856791 183.945680 182.044447 180.153090 178.271612 176.400012 174.538291 172.686453 170.844501 169.012439 167.190276 165.378026 163.575708 161.783352 160.001002 158.228724 156.466612 154.714805 152.973495 151.242954 149.523560 147.815826 146.120446 144.438345 142.770737 141.119193 139.485724 137.872857 136.283730 134.722169 133.192773 131.700966 130.253035 128.856125 127.518176 126.247814 125.054146 123.946497 122.934041
226.153086 224.044444 221.945679 219.856790 217.777778 215.708642 213.649383 211.600000 209.560494 207.530864 205.511111 203.501235 201.501235 199.511111 197.530864 195.560494 193.600000 191.649383 189.708642 187.777778 185.856791 183.945680 182.044447 180.153090 178.271612 176.400012 174.538291 172.686453 170.844501 169.012439 167.190276 165.378026 163.575708 161.783352 160.001002 158.228724 156.466612 154.714805 152.973495 151.242954 149.523560 147.815826 146.120446 144.438345 142.770737 141.119193 139.485724 137.872857 136.283730 134.722169 133.192773 131.700966 130.253035 128.856125 127.518176 126.247814 125.054146 123.946497 122.934041
226.153086 224.044444 221.945679 219.856790 217.777778 215.708642 213.649383 211.600000 209.560494 207.530864 205.511111 203.501235 201.501235 199.511111 197.530864 195.560494 193.600000 191.649383 189.708642 187.777778 185.856791 183.945680 182.044447 180.153090 178.271612 176.400012 174.538291 172.686453 170.844501 169.012439 167.190276 165.378026 163.575708 161.783352 160.001002 158.228724 156.466612 154.714805 152.973495 151.242954 149.523560 147.815826 146.120446 144.438345 142.770737 141.119193 139.485724 137.872857 136.283730 134.722169 133.192773 131.700966 130.253035 128.856125 127.518176 126.247814 125.054146 123.946497 122.934041
226.153086 224.044444 221.945679 219.856790 217.777778 215.708642 213.649383 211.600000 209.560494 207.530864 205.511111 203.501235 201.501235 199.511111 197.530864 195.560494 193.600000 191.649383 189.708642 187.777778 185.856791 183.945680 182.044447 180.153090 178.271612 176.400012 174.538291 172.686453 170.844501 169.012439 167.190276 165.378026 163.575708 161.783352 160.001002 158.228724 156.466612 154.714805 152.973495 151.242954 149.523560 147.815826 146.120446 144.438345 142.770737 141.119193 139.485724 137.872857 136.283730 134.722169 133.192773 131.700966 130.253035 128.856125 127.518176 126.247814 125.054146 123.946497 122.934041
226.153086 224.044444 221.945679 219.856790 217.777778 215.708642 213.649383 211.600000 209.560494 207.530864 205.511111 203.501235 201.501235 199.511111 197.530864 195.560494 193.600000 191.649383 189.708642 187.777778 185.856791 183.945680 182.044447 180.153090 178.271612 176.400012 174.538291 172.686453 170.844501 169.012439 167.190276 165.378026 163.575708 161.783352 160.001002 158.228724 156.466612 154.714805 152.973495 151.242954 149.523560 147.815826 146.120446 144.438345 142.770737 141.119193 139.485724 137.872857 136.283730 134.722169 133.192773 131.700966 130.253035 128.856125 127.518176 126.247814 125.054146 123.946497 122.934041
226.153086 224.044444 221.945679 219.856790 217.777778 215.708642 213.649383 211.600000 209.560494 207.530864 205.511111 203.501235 201.501235 199.511111 197.530864 195.560494 193.600000 191.649383 189.708642 187.777778 185.856791 183.945680 182.044447 180.153090 178.271612 176.400012 174.538291 172.686453 170.844501 169.012439 167.190276 165.378026 163.575708 161.783352 160.001002 158.228724 156.466612 154.714805 152.973495 151.242954 149.523560 147.815826 146.120446 144.438345 142.770737 141.119193 139.485724 137.872857 136.283730 134.722169 133.192773 131.700966 130.253035 128.856125 127.518176 126.247814 125.054146 123.946497 122.934041
226.153086 224.044444 221.945679 219.856790 217.777778 215.708642 213.649383 211.600000 209.560494 207.530864 205.511111 203.501235 201.501235 199.511111 197.530864 195.560494 193.600000 191.649383 189.708642 187.777778 185.856791 183.945680 182.044447 180.153090 178.271612 176.400012 174.538291 172.686453 170.844501 169.012439 167.190276 165.378026 163.575708 161.783352 160.001002 158.228724 156.466612 154.714805 152.973495 151.242954 149.523560 147.815826 146.120446 144.438345 142.770737 141.119193 139.485724 137.872857 136.283730 134.722169 133.192773 131.700966 130.253035 128.856125 127.518176 126.247814 125.054146 123.946497 122.934041
226.153086 224.044444 221.945679 219.856790 217.777778 215.708642 213.649383 211.600000 209.560494 207.530864 205.511111 203.501235 201.501235 199.511111 197.530864 195.560494 193.600000 191.649383 189.708642 187.777778 185.856791 183.945680 182.044447 180.153090 178.271612 176.400012 174.538291 172.686453 170.844501 169.012439 167.190276 165.378026 163.575708 161.783352 160.001002 158.228724 156.466612 154.714805 152.973495 151.242954 149.523560 147.815826 146.120446 144.438345 142.770737 141.119193 139.485724 137.872857 136.283730 134.722169 133.192773 131.700966 130.253035 128.856125 127.518176 126.247814 125.054146 123.946497 122.934041
226.153086 224.044444 221.945679 219.856790 217.777778 215.708642 213.649383 211.600000 209.560494 207.530864 205.511111 203.501235 201.501235 199.511111 197.530864 195.560494 193.600000 191.649383 189.708642 187.777778 185.856791 183.945680 182.044447 180.153090 178.271612 176.400012 174.538291 172.686453 170.844501 169.012439 167.190276 165.378026 163.575708 161.783352 160.001002 158.228724 156.466612 154.714805 152.973495 151.242954 149.523560 147.815826 146.120446 144.438345 142.770737 141.119193 139.485724 137.872857 136.283730 134.722169 133.192773 131.700966 130.253035 128.856125 127.518176 126.247814 125.054146 123.946497 122.934041
226.153086 224.044444 221.945679 219.856790 217.777778 215.708642 213.649383 211.600000 209.560494 207.530864 205.511111 203.501235 201.501235 199.511111 197.530864 195.560494 193.600000 191.649383 189.708642 187.777778 185.856791 183.945680 182.044447 180.153090 178.271612 176.400012 174.538291 172.686453 170.844501 169.012439 167.190276 165.378026 163.575708 161.783352 160.001002 158.228724 156.466612 154.714805 152.973495 151.242954 149.523560 147.815826 146.120446 144.438345 142.770737 141.119193 139.485724 137.872857 136.283730 134.722169 133.192773 131.700966 130.253035 128.856125 127.518176 126.247814 125.054146 123.946497 122.934041
226.153086 224.044444 221.945679 219.856790 217.777778 215.708642 213.649383 211.600000 209.560494 207.530864 205.511111 203.501235 201.501235 199.511111 197.530864 195.560494 193.600000 191.649383 189.708642 187.777778 185.856791 183.945680 182.044447 180.153090 178.271612 176.400012 174.538291 172.686453 170.844501 169.012439 167.190276 165.378026 163.575708 161.783352 160.001002 158.228724 156.466612 154.714805 152.973495 151.242954 149.523560 147.815826 146.120446 144.438345 142.770737 141.119193 139.485724 137.872857 136.283730 134.722169 133.192773 131.700966 130.253035 128.856125 127.518176 126.247814 125.054146 123.946497 122.934041
226.153086 224.044444 221.945679 219.856790 217.777778 215.708642 213.649383 211.600000 209.560494 207.530864 205.511111 203.501235 201.501235 199.511111 197.530864 195.560494 193.600000 191.649383 189.708642 187.777778 185.856791 183.945680 182.044447 180.153090 178.271612 176.400012 174.538291 172.686453 170.844501 169.012439 167.190276 165.378026 163.575708 161.783352 160.001002 158.228724 156.466612 154.714805 152.973495 151.242954 149.523560 147.815826 146.120446 144.438345 142.770737 141.119193 139.485724 137.872857 136.283730 134.722169 133.192773 131.700966 130.253035 128.856125 127.518176 126.247814 125.054146 123.946497 122.934041
