examples/FlowPy_PF_DAM_PF_Topo.asc
nCols  701
nRows  301
xllcenter  0.00
yllcenter 0.00
cellsize  5
nodata_value -9999.00
[rows 27 to 53 of 301, columns 59 to 117 of 701]
754.967901 751.111111 747.264198 743.427160 739.600000 735.782716 731.975309 728.177778 724.390123 720.612346 716.844444 713.086420 709.338272 705.600000 701.871605 698.153086 694.444444 690.745679 687.056790 683.377778 679.708642 676.049383 672.400000 668.760494 665.130864 661.511111 657.901235 654.301235 650.711111 647.130864 643.560494 640.000000 636.449383 632.908642 629.377778 625.856790 622.345679 618.844444 615.353086 611.871605 608.400000 604.938272 601.486420 598.044444 594.612346 591.190123 587.777778 584.375309 580.982716 577.600000 574.227160 570.864198 567.511111 564.167901 560.834568 557.511111 554.197531 550.893827 547.600000
754.967901 751.111111 747.264198 743.427160 739.600000 735.782716 731.975309 728.177778 724.390123 720.612346 716.844444 713.086420 709.338272 705.600000 701.871605 698.153086 694.444444 690.745679 687.056790 683.377778 679.708642 676.049383 672.400000 668.760494 665.130864 661.511111 657.901235 654.301235 650.711111 647.130864 643.560494 640.000000 636.449383 632.908642 629.377778 625.856790 622.345679 618.844444 615.353086 611.871605 608.400000 604.938272 601.486420 598.044444 594.612346 591.190123 587.777778 584.375309 580.982716 577.600000 574.227160 570.864198 567.511111 564.167901 560.834568 557.511111 554.197531 550.893827 547.600000
754.967901 751.111111 747.264198 743.427160 739.600000 735.782716 731.975309 728.177778 724.390123 720.612346 716.844444 713.086420 709.338272 705.600000 701.871605 698.153086 694.444444 690.745679 687.056790 683.377778 679.708642 676.049383 672.400000 668.760494 665.130864 661.511111 657.901235 654.301235 650.711111 647.130864 643.560494 640.000000 636.449383 632.908642 629.377778 625.856790 622.345679 618.844444 615.353086 611.871605 608.400000 604.938272 601.486420 598.044444 594.612346 591.190123 587.777778 584.375309 580.982716 577.600000 574.227160 570.864198 567.511111 564.167901 560.834568 557.511111 554.197531 550.893827 547.600000
754.967901 751.111111 747.264198 743.427160 739.600000 735.782716 731.975309 728.177778 724.390123 720.612346 716.844444 713.086420 709.338272 705.600000 701.871605 698.153086 694.444444 690.745679 687.056790 683.377778 679.708642 676.049383 672.400000 668.760494 665.130864 661.511111 657.901235 654.301235 650.711111 647.130864 643.560494 640.000000 636.449383 632.908642 629.377778 625.856790 622.345679 618.844444 615.353086 611.871605 608.400000 604.938272 601.486420 598.044444 594.612346 591.190123 587.777778 584.375309 580.982716 577.600000 574.227160 570.864198 567.511111 564.167901 560.834568 557.511111 554.197531 550.893827 547.600000
754.967901 751.111111 747.264198 743.427160 739.600000 735.782716 731.975309 728.177778 724.390123 720.612346 716.844444 713.086420 709.338272 705.600000 701.871605 698.153086 694.444444 690.745679 687.056790 683.377778 679.708642 676.049383 672.400000 668.760494 665.130864 661.511111 657.901235 654.301235 650.711111 647.130864 643.560494 640.000000 636.449383 632.908642 629.377778 625.856790 622.345679 618.844444 615.353086 611.871605 608.400000 604.938272 601.486420 598.044444 594.612346 591.190123 587.777778 584.375309 580.982716 577.600000 574.227160 570.864198 567.511111 564.167901 560.834568 557.511111 554.197531 550.893827 547.600000
754.967901 751.111111 747.264198 743.427160 739.600000 735.782716 731.975309 728.177778 724.390123 720.612346 716.844444 713.086420 709.338272 705.600000 701.871605 698.153086 694.444444 690.745679 687.056790 683.377778 679.708642 676.049383 672.400000 668.760494 665.130864 661.511111 657.901235 654.301235 650.711111 647.130864 643.560494 640.000000 636.449383 632.908642 629.377778 625.856790 622.345679 618.844444 615.353086 611.871605 608.400000 604.938272 601.486420 598.044444 594.612346 591.190123 587.777778 584.375309 580.982716 577.600000 574.227160 570.864198 567.511111 564.167901 560.834568 557.511111 554.197531 550.893827 547.600000
754.967901 751.111111 747.264198 743.427160 739.600000 735.782716 731.975309 728.177778 724.390123 720.612346 716.844444 713.086420 709.338272 705.600000 701.871605 698.153086 694.444444 690.745679 687.056790 683.377778 679.708642 676.049383 672.400000 668.760494 665.130864 661.511111 657.901235 654.301235 650.711111 647.130864 643.560494 640.000000 636.449383 632.908642 629.377778 625.856790 622.345679 618.844444 615.353086 611.871605 608.400000 604.938272 601.486420 598.044444 594.612346 591.190123 587.777778 584.375309 580.982716 577.600000 574.227160 570.864198 567.511111 564.167901 560.834568 557.511111 554.197531 550.893827 547.600000
754.967901 751.111111 747.264198 743.427160 739.600000 735.782716 731.975309 728.177778 724.390123 720.612346 716.844444 713.086420 709.338272 705.600000 701.871605 698.153086 694.444444 690.745679 687.056790 683.377778 679.708642 676.049383 672.400000 668.760494 665.130864 661.511111 657.901235 654.301235 650.711111 647.130864 643.560494 640.000000 636.449383 632.908642 629.377778 625.856790 622.345679 618.844444 615.353086 611.871605 608.400000 604.938272 601.486420 598.044444 594.612346 591.190123 587.777778 584.375309 580.982716 577.600000 574.227160 570.864198 567.511111 564.167901 560.834568 557.511111 554.197531 550.893827 547.600000
754.967901 751.111111 747.264198 743.427160 739.600000 735.782716 731.975309 728.177778 724.390123 720.612346 716.844444 713.086420 709.338272 705.600000 701.871605 698.153086 694.444444 690.745679 687.056790 683.377778 679.708642 676.049383 672.400000 668.760494 665.130864 661.511111 657.901235 654.301235 650.711111 647.130864 643.560494 640.000000 636.449383 632.908642 629.377778 625.856790 622.345679 618.844444 615.353086 611.871605 608.400000 604.938272 601.486420 598.044444 594.612346 591.190123 587.777778 584.375309 580.982716 577.600000 574.227160 570.864198 567.511111 564.167901 560.834568 557.511111 554.197531 550.893827 547.600000
754.967901 751.111111 747.264198 743.427160 739.600000 735.782716 731.975309 728.177778 724.390123 720.612346 716.844444 713.086420 709.338272 705.600000 701.871605 698.153086 694.444444 690.745679 687.056790 683.377778 679.708642 676.049383 672.400000 668.760494 665.130864 661.511111 657.901235 654.301235 650.711111 647.130864 643.560494 640.000000 636.449383 632.908642 629.377778 625.856790 622.345679 618.844444 615.353086 611.871605 608.400000 604.938272 601.486420 598.044444 594.612346 591.190123 587.777778 584.375309 580.982716 577.600000 574.227160 570.864198 567.511111 564.167901 560.834568 557.511111 554.197531 550.893827 547.600000
754.967901 751.111111 747.264198 743.427160 739.600000 735.782716 731.975309 728.177778 724.390123 720.612346 716.844444 713.086420 709.338272 705.600000 701.871605 698.153086 694.444444 690.745679 687.056790 683.377778 679.708642 676.049383 672.400000 668.760494 665.130864 661.511111 657.901235 654.301235 650.711111 647.130864 643.560494 640.000000 636.449383 632.908642 629.377778 625.856790 622.345679 618.844444 615.353086 611.871605 608.400000 604.938272 601.486420 598.044444 594.612346 591.190123 587.777778 584.375309 580.982716 577.600000 574.227160 570.864198 567.511111 564.167901 560.834568 557.511111 554.197531 550.893827 547.600000
754.967901 751.111111 747.264198 743.427160 739.600000 735.782716 731.975309 728.177778 724.390123 720.612346 716.844444 713.086420 709.338272 705.600000 701.871605 698.153086 694.444444 690.745679 687.056790 683.377778 679.708642 676.049383 672.400000 668.760494 665.130864 661.511111 657.901235 654.301235 650.711111 647.130864 643.560494 640.000000 636.449383 632.908642 629.377778 625.856790 622.345679 618.844444 615.353086 611.871605 608.400000 604.938272 601.486420 598.044444 594.612346 591.190123 587.777778 584.375309 580.982716 577.600000 574.227160 570.864198 567.511111 564.167901 560.834568 557.511111 554.197531 550.893827 547.600000
754.967901 751.111111 747.264198 743.427160 739.600000 735.782716 731.975309 728.177778 724.390123 720.612346 716.844444 713.086420 709.338272 705.600000 701.871605 698.153086 694.444444 690.745679 687.056790 683.377778 679.708642 676.049383 672.400000 668.760494 665.130864 661.511111 657.901235 654.301235 650.711111 647.130864 643.560494 640.000000 636.449383 632.908642 629.377778 625.856790 622.345679 618.844444 615.353086 611.871605 608.400000 604.938272 601.486420 598.044444 594.612346 591.190123 587.777778 584.375309 580.982716 577.600000 574.227160 570.864198 567.511111 564.167901 560.834568 557.511111 554.197531 550.893827 547.600000
754.967901 751.111111 747.264198 743.427160 739.600000 735.782716 731.975309 728.177778 724.390123 720.612346 716.844444 713.086420 709.338272 705.600000 701.871605 698.153086 694.444444 690.745679 687.056790 683.377778 679.708642 676.049383 672.400000 668.760494 665.130864 661.511111 657.901235 654.301235 650.711111 647.130864 643.560494 640.000000 636.449383 632.908642 629.377778 625.856790 622.345679 618.844444 615.353086 611.871605 608.400000 604.938272 601.486420 598.044444 594.612346 591.190123 587.777778 584.375309 580.982716 577.600000 574.227160 570.864198 567.511111 564.167901 560.834568 557.511111 554.197531 550.893827 547.600000
754.967901 751.111111 747.264198 743.427160 739.600000 735.782716 731.975309 728.177778 724.390123 720.612346 716.844444 713.086420 709.338272 705.600000 701.871605 698.153086 694.444444 690.745679 687.056790 683.377778 679.708642 676.049383 672.400000 668.760494 665.130864 661.511111 657.901235 654.301235 650.711111 647.130864 643.560494 640.000000 636.449383 632.908642 629.377778 625.856790 622.345679 618.844444 615.353086 611.871605 608.400000 604.938272 601.486420 598.044444 594.612346 591.190123 587.777778 584.375309 580.982716 577.600000 574.227160 570.864198 567.511111 564.167901 560.834568 557.511111 554.197531 550.893827 547.600000
754.967901 751.111111 747.264198 743.427160 739.600000 735.782716 731.975309 728.177778 724.390123 720.612346 716.844444 713.086420 709.338272 705.600000 701.871605 698.153086 694.444444 690.745679 687.056790 683.377778 679.708642 676.049383 672.400000 668.760494 665.130864 661.511111 657.901235 654.301235 650.711111 647.130864 643.560494 640.000000 636.449383 632.908642 629.377778 625.856790 622.345679 618.844444 615.353086 611.871605 608.400000 604.938272 601.486420 598.044444 594.612346 591.190123 587.777778 584.375309 580.982716 577.600000 574.227160 570.864198 567.511111 564.167901 560.834568 557.511111 554.197531 550.893827 547.600000
754.967901 751.111111 747.264198 743.427160 739.600000 735.782716 731.975309 728.177778 724.390123 720.612346 716.844444 713.086420 709.338272 705.600000 701.871605 698.153086 694.444444 690.745679 687.056790 683.377778 679.708642 676.049383 672.400000 668.760494 665.130864 661.511111 657.901235 654.301235 650.711111 647.130864 643.560494 640.000000 636.449383 632.908642 629.377778 625.856790 622.345679 618.844444 615.353086 611.871605 608.400000 604.938272 601.486420 598.044444 594.612346 591.190123 587.777778 584.375309 580.982716 577.600000 574.227160 570.864198 567.511111 564.167901 560.834568 557.511111 554.197531 550.893827 547.600000
754.967901 751.111111 747.264198 743.427160 739.600000 735.782716 731.975309 728.177778 724.390123 720.612346 716.844444 713.086420 709.338272 705.600000 701.871605 698.153086 694.444444 690.745679 687.056790 683.377778 679.708642 676.049383 672.400000 668.760494 665.130864 661.511111 657.901235 654.301235 650.711111 647.130864 643.560494 640.000000 636.449383 632.908642 629.377778 625.856790 622.345679 618.844444 615.353086 611.871605 608.400000 604.938272 601.486420 598.044444 594.612346 591.190123 587.777778 584.375309 580.982716 577.600000 574.227160 570.864198 567.511111 564.167901 560.834568 557.511111 554.197531 550.893827 547.600000
754.967901 751.111111 747.264198 743.427160 739.600000 735.782716 731.975309 728.177778 724.390123 720.612346 716.844444 713.086420 709.338272 705.600000 701.871605 698.153086 694.444444 690.745679 687.056790 683.377778 679.708642 676.049383 672.400000 668.760494 665.130864 661.511111 657.901235 654.301235 650.711111 647.130864 643.560494 640.000000 636.449383 632.908642 629.377778 625.856790 622.345679 618.844444 615.353086 611.871605 608.400000 604.938272 601.486420 598.044444 594.612346 591.190123 587.777778 584.375309 580.982716 577.600000 574.227160 570.864198 567.511111 564.167901 560.834568 557.511111 554.197531 550.893827 547.600000
754.967901 751.111111 747.264198 743.427160 739.600000 735.782716 731.975309 728.177778 724.390123 720.612346 716.844444 713.086420 709.338272 705.600000 701.871605 698.153086 694.444444 690.745679 687.056790 683.377778 679.708642 676.049383 672.400000 668.760494 665.130864 661.511111 657.901235 654.301235 650.711111 647.130864 643.560494 640.000000 636.449383 632.908642 629.377778 625.856790 622.345679 618.844444 615.353086 611.871605 608.400000 604.938272 601.486420 598.044444 594.612346 591.190123 587.777778 584.375309 580.982716 577.600000 574.227160 570.864198 567.511111 564.167901 560.834568 557.511111 554.197531 550.893827 547.600000
754.967901 751.111111 747.264198 743.427160 739.600000 735.782716 731.975309 728.177778 724.390123 720.612346 716.844444 713.086420 709.338272 705.600000 701.871605 698.153086 694.444444 690.745679 687.056790 683.377778 679.708642 676.049383 672.400000 668.760494 665.130864 661.511111 657.901235 654.301235 650.711111 647.130864 643.560494 640.000000 636.449383 632.908642 629.377778 625.856790 622.345679 618.844444 615.353086 611.871605 608.400000 604.938272 601.486420 598.044444 594.612346 591.190123 587.777778 584.375309 580.982716 577.600000 574.227160 570.864198 567.511111 564.167901 560.834568 557.511111 554.197531 550.893827 547.600000
754.967901 751.111111 747.264198 743.427160 739.600000 735.782716 731.975309 728.177778 724.390123 720.612346 716.844444 713.086420 709.338272 705.600000 701.871605 698.153086 694.444444 690.745679 687.056790 683.377778 679.708642 676.049383 672.400000 668.760494 665.130864 661.511111 657.901235 654.301235 650.711111 647.130864 643.560494 640.000000 636.449383 632.908642 629.377778 625.856790 622.345679 618.844444 615.353086 611.871605 608.400000 604.938272 601.486420 598.044444 594.612346 591.190123 587.777778 584.375309 580.982716 577.600000 574.227160 570.864198 567.511111 564.167901 560.834568 557.511111 554.197531 550.893827 547.600000
754.967901 751.111111 747.264198 743.427160 739.600000 735.782716 731.975309 728.177778 724.390123 720.612346 716.844444 713.086420 709.338272 705.600000 701.871605 698.153086 694.444444 690.745679 687.056790 683.377778 679.708642 676.049383 672.400000 668.760494 665.130864 661.511111 657.901235 654.301235 650.711111 647.130864 643.560494 640.000000 636.449383 632.908642 629.377778 625.856790 622.345679 618.844444 615.353086 611.871605 608.400000 604.938272 601.486420 598.044444 594.612346 591.190123 587.777778 584.375309 580.982716 577.600000 574.227160 570.864198 567.511111 564.167901 560.834568 557.511111 554.197531 550.893827 547.600000
754.967901 751.111111 747.264198 743.427160 739.600000 735.782716 731.975309 728.177778 724.390123 720.612346 716.844444 713.086420 709.338272 705.600000 701.871605 698.153086 694.444444 690.745679 687.056790 683.377778 679.708642 676.049383 672.400000 668.760494 665.130864 661.511111 657.901235 654.301235 650.711111 647.130864 643.560494 640.000000 636.449383 632.908642 629.377778 625.856790 622.345679 618.844444 615.353086 611.871605 608.400000 604.938272 601.486420 598.044444 594.612346 591.190123 587.777778 584.375309 580.982716 577.600000 574.227160 570.864198 567.511111 564.167901 560.834568 557.511111 554.197531 550.893827 547.600000
754.967901 751.111111 747.264198 743.427160 739.600000 735.782716 731.975309 728.177778 724.390123 720.612346 716.844444 713.086420 709.338272 705.600000 701.871605 698.153086 694.444444 690.745679 687.056790 683.377778 679.708642 676.049383 672.400000 668.760494 665.130864 661.511111 657.901235 654.301235 650.711111 647.130864 643.560494 640.000000 636.449383 632.908642 629.377778 625.856790 622.345679 618.844444 615.353086 611.871605 608.400000 604.938272 601.486420 598.044444 594.612346 591.190123 587.777778 584.375309 580.982716 577.600000 574.227160 570.864198 567.511111 564.167901 560.834568 557.511111 554.197531 550.893827 547.600000
754.967901 751.111111 747.264198 743.427160 739.600000 735.782716 731.975309 728.177778 724.390123 720.612346 716.844444 713.086420 709.338272 705.600000 701.871605 698.153086 694.444444 690.745679 687.056790 683.377778 679.708642 676.049383 672.400000 668.760494 665.130864 661.511111 657.901235 654.301235 650.711111 647.130864 643.560494 640.000000 636.449383 632.908642 629.377778 625.856790 622.345679 618.844444 615.353086 611.871605 608.400000 604.938272 601.486420 598.044444 594.612346 591.190123 587.777778 584.375309 580.982716 577.600000 574.227160 570.864198 567.511111 564.167901 560.834568 557.511111 554.197531 550.893827 547.600000
754.967901 751.111111 747.264198 743.427160 739.600000 735.782716 731.975309 728.177778 724.390123 720.612346 716.844444 713.086420 709.338272 705.600000 701.871605 698.153086 694.444444 690.745679 687.056790 683.377778 679.708642 676.049383 672.400000 668.760494 665.130864 661.511111 657.901235 654.301235 650.711111 647.130864 643.560494 640.000000 636.449383 632.908642 629.377778 625.856790 622.345679 618.844444 615.353086 611.871605 608.400000 604.938272 601.486420 598.044444 594.612346 591.190123 587.777778 584.375309 580.982716 577.600000 574.227160 570.864198 567.511111 564.167901 560.834568 557.511111 554.197531 550.893827 547.600000
