examples/example1/dhm_mod.asc
ncols         701
nrows         201
xllcenter     2.5
yllcenter     2.5
cellsize      10
NODATA_value  -9999
[rows 62 to 92 of 201, columns 276 to 344 of 701]
326.136 323.96 321.776 319.585 317.386 315.178 312.961 310.734 308.496 306.247 303.987 301.715 299.43 297.132 294.821 292.497 290.158 287.805 285.437 283.054 280.655 278.242 275.813 273.368 270.907 268.431 265.939 263.431 260.908 258.369 255.816 253.248 250.665 248.068 245.458 242.835 240.199 237.552 234.893 232.224 229.545 226.857 224.16 221.457 218.747 216.032 213.312 210.59 207.864 205.138 202.411 199.686 196.962 194.242 191.526 188.815 186.111 183.415 180.728 178.051 175.386 172.733 170.093 167.467 164.858 162.264 159.689 157.132 154.594
326.136 323.96 321.776 319.585 317.386 315.178 312.961 310.734 308.496 306.247 303.987 301.715 299.43 297.132 294.821 292.497 290.158 287.805 285.437 283.054 280.655 278.242 275.813 273.368 270.907 268.431 265.939 263.431 260.908 258.369 255.816 253.248 250.665 248.068 245.458 242.835 240.199 237.552 234.893 232.224 229.545 226.857 224.16 221.457 218.747 216.032 213.312 210.59 207.864 205.138 202.411 199.686 196.962 194.242 191.526 188.815 186.111 183.415 180.728 178.051 175.386 172.733 170.093 167.467 164.858 162.264 159.689 157.132 154.594
326.136 323.96 321.776 319.585 317.386 315.178 312.961 310.734 308.496 306.247 303.987 301.715 299.43 297.132 294.821 292.497 290.158 287.805 285.437 283.054 280.655 278.242 275.813 273.368 270.907 268.431 265.939 263.431 260.908 258.369 255.816 253.248 250.665 248.068 245.458 242.835 240.199 237.552 234.893 232.224 229.545 226.857 224.16 221.457 218.747 216.032 213.312 210.59 207.864 205.138 202.411 199.686 196.962 194.242 191.526 188.815 186.111 183.415 180.728 178.051 175.386 172.733 170.093 167.467 164.858 162.264 159.689 157.132 154.594
326.136 323.96 321.776 319.585 317.386 315.178 312.961 310.734 308.496 306.247 303.987 301.715 299.43 297.132 294.821 292.497 290.158 287.805 285.437 283.054 280.655 278.242 275.813 273.368 270.907 268.431 265.939 263.431 260.908 258.369 255.816 253.248 250.665 248.068 245.458 242.835 240.199 237.552 234.893 232.224 229.545 226.857 224.16 221.457 218.747 216.032 213.312 210.59 207.864 205.138 202.411 199.686 196.962 194.242 191.526 188.815 186.111 183.415 180.728 178.051 175.386 172.733 170.093 165.623 160.482 156.547 153.04 149.791 146.728
326.136 323.96 321.776 319.585 317.386 315.178 312.961 310.734 308.496 306.247 303.987 301.715 299.43 297.132 294.821 292.497 290.158 287.805 285.437 283.054 280.655 278.242 275.813 273.368 270.907 268.431 265.939 263.431 260.908 258.369 255.816 253.248 250.665 248.068 245.458 242.835 240.199 237.552 234.893 232.224 229.545 226.857 224.16 221.457 218.747 216.032 213.312 210.59 207.864 205.138 202.411 199.686 196.962 194.242 191.526 188.815 186.111 181.111 175.283 170.913 167.053 163.498 160.158 156.986 153.95 151.03 148.21 145.48 142.831
326.136 323.96 321.776 319.585 317.386 315.178 312.961 310.734 308.496 306.247 303.987 301.715 299.43 297.132 294.821 292.497 290.158 287.805 285.437 283.054 280.655 278.242 275.813 273.368 270.907 268.431 265.939 263.431 260.908 258.369 255.816 253.248 250.665 248.068 245.458 242.835 240.199 237.552 234.893 232.224 229.545 226.857 224.16 221.457 218.747 216.032 213.312 210.59 207.864 205.138 202.411 199.686 191.722 186.504 182.116 178.152 174.469 170.994 167.684 164.511 161.455 158.503 155.642 152.865 150.163 147.532 144.966 142.46 140.012
326.136 323.96 321.776 319.585 317.386 315.178 312.961 310.734 308.496 306.247 303.987 301.715 299.43 297.132 294.821 292.497 290.158 287.805 285.437 283.054 280.655 278.242 275.813 273.368 270.907 268.431 265.939 263.431 260.908 258.369 255.816 253.248 250.665 248.068 245.458 242.835 240.199 237.552 234.893 232.224 229.545 226.857 224.16 221.457 218.747 216.032 211.835 203.585 198.307 193.769 189.647 185.806 182.178 178.72 175.404 172.209 169.121 166.128 163.222 160.394 157.639 154.951 152.326 149.761 147.252 144.796 142.39 140.033 137.722
326.136 323.96 321.776 319.585 317.386 315.178 312.961 310.734 308.496 306.247 303.987 301.715 299.43 297.132 294.821 292.497 290.158 287.805 285.437 283.054 280.655 278.242 275.813 273.368 270.907 268.431 265.939 263.431 260.908 258.369 255.816 253.248 250.665 248.068 245.458 242.835 240.199 237.552 234.893 232.224 229.545 223.797 215.909 210.425 205.693 201.392 197.386 193.603 189.997 186.539 183.208 179.988 176.867 173.835 170.885 168.01 165.205 162.464 159.785 157.164 154.598 152.083 149.618 147.201 144.829 142.502 140.216 137.971 135.766
326.136 323.96 321.776 319.585 317.386 315.178 312.961 310.734 308.496 306.247 303.987 301.715 299.43 297.132 294.821 292.497 290.158 287.805 285.437 283.054 280.655 278.242 275.813 273.368 270.907 268.431 265.939 263.431 260.908 258.369 255.816 253.248 250.665 248.068 245.458 242.835 236.561 228.368 222.642 217.713 213.24 209.077 205.148 201.404 197.816 194.358 191.016 187.776 184.628 181.564 178.577 175.662 172.813 170.027 167.3 164.63 162.012 159.445 156.926 154.454 152.027 149.643 147.301 144.999 142.735 140.51 138.321 136.167 134.048
326.136 323.96 321.776 319.585 317.386 315.178 312.961 310.734 308.496 306.247 303.987 301.715 299.43 297.132 294.821 292.497 290.158 287.805 285.437 283.054 280.655 278.242 275.813 273.368 270.907 268.431 265.939 263.431 260.908 258.369 255.816 249.047 240.632 234.715 229.628 225.014 220.722 216.672 212.813 209.114 205.549 202.101 198.758 195.509 192.345 189.259 186.246 183.3 180.417 177.595 174.829 172.116 169.455 166.843 164.278 161.759 159.283 156.849 154.455 152.101 149.786 147.507 145.264 143.057 140.884 138.743 136.636 134.559 132.514
326.136 323.96 321.776 319.585 317.386 315.178 312.961 310.734 308.496 306.247 303.987 301.715 299.43 297.132 294.821 292.497 290.158 287.805 285.437 283.054 280.655 278.242 275.813 273.368 270.907 268.431 260.449 252.322 246.36 241.201 236.51 232.14 228.011 224.074 220.295 216.65 213.124 209.701 206.371 203.127 199.96 196.866 193.838 190.874 187.97 185.121 182.326 179.583 176.888 174.24 171.637 169.078 166.561 164.085 161.648 159.249 156.887 154.561 152.271 150.015 147.793 145.603 143.444 141.318 139.221 137.154 135.117 133.108 131.127
326.136 323.96 321.776 319.585 317.386 315.178 312.961 310.734 308.496 306.247 303.987 301.715 299.43 297.132 294.821 292.497 290.158 287.805 285.437 283.054 280.655 270.389 263.063 257.276 252.179 247.506 243.131 238.984 235.019 231.205 227.52 223.949 220.478 217.097 213.798 210.574 207.421 204.333 201.307 198.338 195.424 192.563 189.752 186.988 184.27 181.597 178.966 176.377 173.828 171.317 168.845 166.409 164.009 161.643 159.312 157.014 154.748 152.515 150.312 148.14 145.997 143.884 141.799 139.742 137.713 135.711 133.736 131.786 129.862
326.136 323.96 321.776 319.585 317.386 315.178 312.961 310.734 308.496 306.247 303.987 301.715 299.43 297.132 294.821 288.37 278.953 272.62 267.219 262.333 257.791 253.502 249.41 245.48 241.686 238.01 234.437 230.956 227.559 224.238 220.988 217.804 214.681 211.616 208.605 205.647 202.739 199.878 197.063 194.291 191.563 188.875 186.228 183.619 181.047 178.513 176.014 173.549 171.119 168.722 166.358 164.025 161.723 159.453 157.212 155 152.817 150.663 148.537 146.437 144.365 142.319 140.299 138.305 136.336 134.391 132.471 130.575 128.702
326.136 323.96 321.776 319.585 317.386 315.178 312.961 310.734 308.496 302.053 292.68 286.361 280.963 276.073 271.518 267.21 263.095 259.136 255.308 251.594 247.979 244.453 241.007 237.634 234.328 231.086 227.902 224.774 221.698 218.672 215.694 212.761 209.873 207.027 204.221 201.456 198.729 196.039 193.386 190.769 188.186 185.637 183.122 180.638 178.187 175.767 173.378 171.019 168.689 166.388 164.116 161.873 159.656 157.467 155.305 153.169 151.06 148.975 146.916 144.882 142.872 140.886 138.924 136.986 135.07 133.177 131.307 129.459 127.632
326.136 323.96 321.776 310.083 303.371 297.819 292.842 288.227 283.869 279.707 275.703 271.83 268.068 264.402 260.823 257.321 253.889 250.521 247.214 243.963 240.764 237.615 234.513 231.457 228.443 225.472 222.541 219.649 216.795 213.977 211.195 208.448 205.736 203.056 200.41 197.795 195.212 192.66 190.138 187.646 185.183 182.749 180.344 177.967 175.617 173.295 171 168.731 166.488 164.272 162.08 159.914 157.773 155.656 153.564 151.495 149.45 147.428 145.429 143.453 141.499 139.568 137.658 135.77 133.903 132.057 130.232 128.427 126.643
302.76 298.618 294.625 290.756 286.99 283.314 279.718 276.192 272.73 269.327 265.979 262.681 259.431 256.226 253.063 249.942 246.86 243.816 240.809 237.837 234.9 231.996 229.125 226.287 223.48 220.704 217.958 215.243 212.556 209.899 207.27 204.67 202.097 199.552 197.035 194.544 192.079 189.641 187.229 184.843 182.482 180.147 177.836 175.55 173.289 171.052 168.838 166.649 164.483 162.34 160.22 158.123 156.048 153.995 151.965 149.957 147.97 146.004 144.06 142.136 140.233 138.351 136.488 134.646 132.823 131.02 129.237 127.472 125.726
290.175 286.856 283.578 280.337 277.131 273.961 270.823 267.716 264.641 261.595 258.579 255.591 252.632 249.7 246.795 243.916 241.065 238.239 235.439 232.665 229.917 227.193 224.495 221.821 219.172 216.548 213.948 211.372 208.82 206.293 203.789 201.309 198.853 196.42 194.01 191.624 189.26 186.92 184.602 182.307 180.034 177.784 175.556 173.35 171.166 169.004 166.863 164.743 162.645 160.568 158.512 156.477 154.462 152.467 150.493 148.539 146.604 144.69 142.795 140.919 139.062 137.224 135.405 133.605 131.823 130.059 128.313 126.585 124.875
281.338 278.369 275.419 272.487 269.574 266.68 263.804 260.948 258.11 255.292 252.492 249.712 246.952 244.21 241.489 238.787 236.104 233.442 230.799 228.177 225.574 222.992 220.43 217.888 215.367 212.866 210.385 207.925 205.486 203.066 200.668 198.289 195.932 193.594 191.278 188.981 186.705 184.449 182.214 179.999 177.803 175.628 173.473 171.338 169.222 167.127 165.051 162.994 160.957 158.939 156.94 154.96 152.999 151.057 149.134 147.229 145.343 143.474 141.624 139.792 137.977 136.18 134.401 132.639 130.894 129.166 127.455 125.761 124.083
274.297 271.541 268.797 266.064 263.343 260.635 257.94 255.258 252.589 249.935 247.294 244.668 242.057 239.461 236.88 234.315 231.766 229.233 226.716 224.215 221.731 219.265 216.815 214.382 211.967 209.569 207.189 204.827 202.483 200.156 197.848 195.557 193.285 191.031 188.795 186.577 184.378 182.196 180.033 177.889 175.762 173.654 171.564 169.492 167.438 165.402 163.384 161.384 159.402 157.437 155.49 153.561 151.649 149.755 147.878 146.018 144.175 142.349 140.54 138.747 136.971 135.212 133.469 131.742 130.032 128.337 126.658 124.995 123.348
268.391 265.786 263.188 260.6 258.021 255.451 252.891 250.341 247.802 245.274 242.758 240.253 237.761 235.281 232.814 230.36 227.919 225.492 223.079 220.68 218.295 215.925 213.571 211.231 208.906 206.597 204.303 202.025 199.763 197.517 195.287 193.073 190.876 188.695 186.53 184.382 182.25 180.135 178.037 175.955 173.89 171.842 169.81 167.795 165.796 163.814 161.849 159.9 157.967 156.051 154.152 152.268 150.401 148.55 146.715 144.896 143.093 141.306 139.535 137.779 136.038 134.314 132.604 130.91 129.231 127.567 125.917 124.283 122.663
263.299 260.808 258.324 255.848 253.379 250.917 248.465 246.021 243.586 241.161 238.745 236.34 233.945 231.561 229.188 226.827 224.477 222.14 219.814 217.502 215.202 212.915 210.642 208.382 206.135 203.903 201.684 199.48 197.29 195.115 192.954 190.808 188.677 186.56 184.459 182.373 180.302 178.246 176.206 174.18 172.17 170.176 168.197 166.233 164.284 162.351 160.433 158.531 156.644 154.772 152.915 151.074 149.247 147.436 145.64 143.858 142.092 140.34 138.603 136.881 135.173 133.48 131.802 130.137 128.487 126.851 125.229 123.621 122.027
258.835 256.436 254.044 251.657 249.278 246.906 244.541 242.184 239.835 237.495 235.164 232.842 230.529 228.227 225.934 223.652 221.38 219.119 216.87 214.631 212.405 210.19 207.987 205.797 203.619 201.454 199.302 197.163 195.036 192.924 190.824 188.738 186.666 184.608 182.563 180.532 178.515 176.513 174.524 172.55 170.59 168.644 166.712 164.795 162.892 161.003 159.128 157.268 155.422 153.591 151.773 149.97 148.181 146.406 144.645 142.898 141.165 139.446 137.741 136.049 134.372 132.708 131.058 129.421 127.797 126.187 124.591 123.007 121.437
254.883 252.559 250.242 247.931 245.626 243.328 241.037 238.754 236.478 234.21 231.951 229.7 227.457 225.224 223.001 220.787 218.582 216.388 214.204 212.031 209.869 207.717 205.577 203.448 201.33 199.225 197.131 195.049 192.98 190.923 188.878 186.846 184.826 182.82 180.826 178.845 176.877 174.923 172.981 171.053 169.137 167.236 165.347 163.472 161.61 159.761 157.926 156.105 154.296 152.501 150.72 148.951 147.196 145.454 143.726 142.011 140.308 138.619 136.943 135.28 133.63 131.993 130.369 128.757 127.159 125.573 123.999 122.438 120.89
251.36 249.1 246.846 244.599 242.357 240.123 237.895 235.674 233.461 231.255 229.057 226.868 224.687 222.514 220.35 218.196 216.05 213.914 211.788 209.672 207.566 205.47 203.385 201.311 199.247 197.194 195.153 193.122 191.103 189.096 187.1 185.116 183.144 181.184 179.236 177.3 175.376 173.465 171.565 169.679 167.804 165.942 164.093 162.256 160.431 158.62 156.82 155.034 153.26 151.498 149.749 148.013 146.289 144.577 142.878 141.192 139.518 137.856 136.207 134.57 132.945 131.333 129.733 128.145 126.568 125.004 123.452 121.912 120.384
248.208 246.003 243.803 241.61 239.423 237.243 235.07 232.903 230.744 228.592 226.448 224.312 222.184 220.065 217.954 215.851 213.758 211.673 209.598 207.532 205.476 203.43 201.393 199.367 197.351 195.345 193.35 191.366 189.392 187.429 185.478 183.537 181.607 179.689 177.782 175.886 174.002 172.13 170.269 168.42 166.582 164.757 162.943 161.141 159.35 157.572 155.805 154.05 152.307 150.576 148.857 147.15 145.454 143.771 142.099 140.439 138.79 137.154 135.529 133.916 132.315 130.725 129.146 127.58 126.024 124.481 122.948 121.427 119.917
245.384 243.226 241.073 238.927 236.788 234.655 232.528 230.409 228.297 226.193 224.096 222.007 219.926 217.852 215.788 213.731 211.683 209.644 207.614 205.593 203.581 201.579 199.586 197.603 195.629 193.665 191.712 189.768 187.835 185.912 184 182.098 180.207 178.326 176.456 174.597 172.749 170.912 169.085 167.27 165.466 163.673 161.891 160.12 158.361 156.613 154.875 153.15 151.435 149.732 148.04 146.359 144.689 143.031 141.384 139.748 138.123 136.51 134.907 133.316 131.735 130.166 128.608 127.061 125.525 123.999 122.485 120.981 119.488
242.855 240.737 238.625 236.52 234.422 232.33 230.245 228.167 226.097 224.034 221.978 219.93 217.89 215.858 213.834 211.818 209.81 207.811 205.821 203.84 201.867 199.904 197.949 196.004 194.069 192.143 190.226 188.319 186.422 184.535 182.658 180.791 178.934 177.087 175.251 173.424 171.608 169.803 168.008 166.223 164.449 162.686 160.933 159.191 157.459 155.738 154.028 152.328 150.639 148.961 147.294 145.637 143.991 142.355 140.731 139.117 137.513 135.921 134.338 132.767 131.206 129.656 128.116 126.586 125.067 123.559 122.061 120.573 119.096
240.594 238.511 236.435 234.366 232.303 230.248 228.199 226.157 224.123 222.096 220.077 218.065 216.061 214.065 212.077 210.097 208.125 206.161 204.207 202.26 200.323 198.394 196.474 194.563 192.661 190.768 188.885 187.011 185.146 183.291 181.445 179.609 177.783 175.966 174.16 172.363 170.576 168.799 167.032 165.275 163.528 161.791 160.064 158.347 156.641 154.945 153.259 151.583 149.917 148.262 146.616 144.981 143.356 141.742 140.137 138.543 136.959 135.385 133.821 132.268 130.724 129.191 127.668 126.155 124.651 123.158 121.675 120.202 118.739
238.581 236.529 234.484 232.445 230.414 228.39 226.373 224.363 222.36 220.365 218.377 216.397 214.425 212.461 210.504 208.556 206.616 204.684 202.76 200.845 198.938 197.04 195.15 193.269 191.397 189.534 187.68 185.835 183.999 182.172 180.355 178.546 176.748 174.958 173.178 171.407 169.646 167.894 166.152 164.42 162.697 160.984 159.281 157.587 155.903 154.229 152.565 150.91 149.265 147.63 146.005 144.389 142.784 141.188 139.601 138.025 136.458 134.901 133.354 131.817 130.289 128.771 127.263 125.764 124.275 122.796 121.326 119.866 118.416
236.798 234.773 232.755 230.744 228.74 226.743 224.753 222.771 220.796 218.828 216.869 214.916 212.972 211.035 209.107 207.186 205.273 203.369 201.473 199.585 197.705 195.834 193.971 192.117 190.271 188.434 186.606 184.787 182.976 181.174 179.382 177.598 175.823 174.057 172.301 170.554 168.815 167.086 165.367 163.656 161.955 160.263 158.58 156.907 155.243 153.589 151.944 150.308 148.682 147.065 145.457 143.859 142.27 140.691 139.121 137.561 136.01 134.468 132.936 131.413 129.899 128.395 126.9 125.414 123.938 122.471 121.013 119.565 118.126
235.233 233.231 231.236 229.248 227.268 225.294 223.329 221.37 219.419 217.476 215.54 213.612 211.692 209.78 207.875 205.979 204.09 202.21 200.337 198.473 196.617 194.769 192.93 191.099 189.277 187.462 185.657 183.86 182.072 180.292 178.521 176.759 175.006 173.261 171.525 169.798 168.08 166.371 164.671 162.98 161.297 159.624 157.96 156.305 154.659 153.021 151.393 149.774 148.164 146.563 144.972 143.389 141.815 140.251 138.695 137.149 135.612 134.083 132.564 131.054 129.553 128.061 126.578 125.104 123.639 122.183 120.735 119.297 117.868
