examples/example1/dhm_mod.asc
ncols         701
nrows         201
xllcenter     2.5
yllcenter     2.5
cellsize      10
NODATA_value  -9999
[rows 155 to 185 of 201, columns 345 to 413 of 701]
152.077 149.582 147.108 144.657 142.23 139.827 137.448 135.096 132.77 130.47 128.197 125.952 123.735 121.546 119.386 117.254 115.152 113.078 111.034 109.019 107.034 105.078 103.151 101.254 99.385 97.546 95.736 93.954 92.2 90.475 88.778 87.108 85.466 83.85 82.261 80.699 79.162 77.65 76.164 74.702 73.264 71.85 70.46 69.092 67.746 66.423 65.121 63.84 62.58 61.34 60.12 58.919 57.737 56.574 55.429 54.301 53.191 52.098 51.021 49.96 48.915 47.886 46.871 45.872 44.886 43.915 42.958 42.014 41.084
152.077 149.582 147.108 144.657 142.23 139.827 137.448 135.096 132.77 130.47 128.197 125.952 123.735 121.546 119.386 117.254 115.152 113.078 111.034 109.019 107.034 105.078 103.151 101.254 99.385 97.546 95.736 93.954 92.2 90.475 88.778 87.108 85.466 83.85 82.261 80.699 79.162 77.65 76.164 74.702 73.264 71.85 70.46 69.092 67.746 66.423 65.121 63.84 62.58 61.34 60.12 58.919 57.737 56.574 55.429 54.301 53.191 52.098 51.021 49.96 48.915 47.886 46.871 45.872 44.886 43.915 42.958 42.014 41.084
152.077 149.582 147.108 144.657 142.23 139.827 137.448 135.096 132.77 130.47 128.197 125.952 123.735 121.546 119.386 117.254 115.152 113.078 111.034 109.019 107.034 105.078 103.151 101.254 99.385 97.546 95.736 93.954 92.2 90.475 88.778 87.108 85.466 83.85 82.261 80.699 79.162 77.65 76.164 74.702 73.264 71.85 70.46 69.092 67.746 66.423 65.121 63.84 62.58 61.34 60.12 58.919 57.737 56.574 55.429 54.301 53.191 52.098 51.021 49.96 48.915 47.886 46.871 45.872 44.886 43.915 42.958 42.014 41.084
152.077 149.582 147.108 144.657 142.23 139.827 137.448 135.096 132.77 130.47 128.197 125.952 123.735 121.546 119.386 117.254 115.152 113.078 111.034 109.019 107.034 105.078 103.151 101.254 99.385 97.546 95.736 93.954 92.2 90.475 88.778 87.108 85.466 83.85 82.261 80.699 79.162 77.65 76.164 74.702 73.264 71.85 70.46 69.092 67.746 66.423 65.121 63.84 62.58 61.34 60.12 58.919 57.737 56.574 55.429 54.301 53.191 52.098 51.021 49.96 48.915 47.886 46.871 45.872 44.886 43.915 42.958 42.014 41.084
152.077 149.582 147.108 144.657 142.23 139.827 137.448 135.096 132.77 130.47 128.197 125.952 123.735 121.546 119.386 117.254 115.152 113.078 111.034 109.019 107.034 105.078 103.151 101.254 99.385 97.546 95.736 93.954 92.2 90.475 88.778 87.108 85.466 83.85 82.261 80.699 79.162 77.65 76.164 74.702 73.264 71.85 70.46 69.092 67.746 66.423 65.121 63.84 62.58 61.34 60.12 58.919 57.737 56.574 55.429 54.301 53.191 52.098 51.021 49.96 48.915 47.886 46.871 45.872 44.886 43.915 42.958 42.014 41.084
152.077 149.582 147.108 144.657 142.23 139.827 137.448 135.096 132.77 130.47 128.197 125.952 123.735 121.546 119.386 117.254 115.152 113.078 111.034 109.019 107.034 105.078 103.151 101.254 99.385 97.546 95.736 93.954 92.2 90.475 88.778 87.108 85.466 83.85 82.261 80.699 79.162 77.65 76.164 74.702 73.264 71.85 70.46 69.092 67.746 66.423 65.121 63.84 62.58 61.34 60.12 58.919 57.737 56.574 55.429 54.301 53.191 52.098 51.021 49.96 48.915 47.886 46.871 45.872 44.886 43.915 42.958 42.014 41.084
152.077 149.582 147.108 144.657 142.23 139.827 137.448 135.096 132.77 130.47 128.197 125.952 123.735 121.546 119.386 117.254 115.152 113.078 111.034 109.019 107.034 105.078 103.151 101.254 99.385 97.546 95.736 93.954 92.2 90.475 88.778 87.108 85.466 83.85 82.261 80.699 79.162 77.65 76.164 74.702 73.264 71.85 70.46 69.092 67.746 66.423 65.121 63.84 62.58 61.34 60.12 58.919 57.737 56.574 55.429 54.301 53.191 52.098 51.021 49.96 48.915 47.886 46.871 45.872 44.886 43.915 42.958 42.014 41.084
152.077 149.582 147.108 144.657 142.23 139.827 137.448 135.096 132.77 130.47 128.197 125.952 123.735 121.546 119.386 117.254 115.152 113.078 111.034 109.019 107.034 105.078 103.151 101.254 99.385 97.546 95.736 93.954 92.2 90.475 88.778 87.108 85.466 83.85 82.261 80.699 79.162 77.65 76.164 74.702 73.264 71.85 70.46 69.092 67.746 66.423 65.121 63.84 62.58 61.34 60.12 58.919 57.737 56.574 55.429 54.301 53.191 52.098 51.021 49.96 48.915 47.886 46.871 45.872 44.886 43.915 42.958 42.014 41.084
152.077 149.582 147.108 144.657 142.23 139.827 137.448 135.096 132.77 130.47 128.197 125.952 123.735 121.546 119.386 117.254 115.152 113.078 111.034 109.019 107.034 105.078 103.151 101.254 99.385 97.546 95.736 93.954 92.2 90.475 88.778 87.108 85.466 83.85 82.261 80.699 79.162 77.65 76.164 74.702 73.264 71.85 70.46 69.092 67.746 66.423 65.121 63.84 62.58 61.34 60.12 58.919 57.737 56.574 55.429 54.301 53.191 52.098 51.021 49.96 48.915 47.886 46.871 45.872 44.886 43.915 42.958 42.014 41.084
152.077 149.582 147.108 144.657 142.23 139.827 137.448 135.096 132.77 130.47 128.197 125.952 123.735 121.546 119.386 117.254 115.152 113.078 111.034 109.019 107.034 105.078 103.151 101.254 99.385 97.546 95.736 93.954 92.2 90.475 88.778 87.108 85.466 83.85 82.261 80.699 79.162 77.65 76.164 74.702 73.264 71.85 70.46 69.092 67.746 66.423 65.121 63.84 62.58 61.34 60.12 58.919 57.737 56.574 55.429 54.301 53.191 52.098 51.021 49.96 48.915 47.886 46.871 45.872 44.886 43.915 42.958 42.014 41.084
152.077 149.582 147.108 144.657 142.23 139.827 137.448 135.096 132.77 130.47 128.197 125.952 123.735 121.546 119.386 117.254 115.152 113.078 111.034 109.019 107.034 105.078 103.151 101.254 99.385 97.546 95.736 93.954 92.2 90.475 88.778 87.108 85.466 83.85 82.261 80.699 79.162 77.65 76.164 74.702 73.264 71.85 70.46 69.092 67.746 66.423 65.121 63.84 62.58 61.34 60.12 58.919 57.737 56.574 55.429 54.301 53.191 52.098 51.021 49.96 48.915 47.886 46.871 45.872 44.886 43.915 42.958 42.014 41.084
152.077 149.582 147.108 144.657 142.23 139.827 137.448 135.096 132.77 130.47 128.197 125.952 123.735 121.546 119.386 117.254 115.152 113.078 111.034 109.019 107.034 105.078 103.151 101.254 99.385 97.546 95.736 93.954 92.2 90.475 88.778 87.108 85.466 83.85 82.261 80.699 79.162 77.65 76.164 74.702 73.264 71.85 70.46 69.092 67.746 66.423 65.121 63.84 62.58 61.34 60.12 58.919 57.737 56.574 55.429 54.301 53.191 52.098 51.021 49.96 48.915 47.886 46.871 45.872 44.886 43.915 42.958 42.014 41.084
152.077 149.582 147.108 144.657 142.23 139.827 137.448 135.096 132.77 130.47 128.197 125.952 123.735 121.546 119.386 117.254 115.152 113.078 111.034 109.019 107.034 105.078 103.151 101.254 99.385 97.546 95.736 93.954 92.2 90.475 88.778 87.108 85.466 83.85 82.261 80.699 79.162 77.65 76.164 74.702 73.264 71.85 70.46 69.092 67.746 66.423 65.121 63.84 62.58 61.34 60.12 58.919 57.737 56.574 55.429 54.301 53.191 52.098 51.021 49.96 48.915 47.886 46.871 45.872 44.886 43.915 42.958 42.014 41.084
152.077 149.582 147.108 144.657 142.23 139.827 137.448 135.096 132.77 130.47 128.197 125.952 123.735 121.546 119.386 117.254 115.152 113.078 111.034 109.019 107.034 105.078 103.151 101.254 99.385 97.546 95.736 93.954 92.2 90.475 88.778 87.108 85.466 83.85 82.261 80.699 79.162 77.65 76.164 74.702 73.264 71.85 70.46 69.092 67.746 66.423 65.121 63.84 62.58 61.34 60.12 58.919 57.737 56.574 55.429 54.301 53.191 52.098 51.021 49.96 48.915 47.886 46.871 45.872 44.886 43.915 42.958 42.014 41.084
152.077 149.582 147.108 144.657 142.23 139.827 137.448 135.096 132.77 130.47 128.197 125.952 123.735 121.546 119.386 117.254 115.152 113.078 111.034 109.019 107.034 105.078 103.151 101.254 99.385 97.546 95.736 93.954 92.2 90.475 88.778 87.108 85.466 83.85 82.261 80.699 79.162 77.65 76.164 74.702 73.264 71.85 70.46 69.092 67.746 66.423 65.121 63.84 62.58 61.34 60.12 58.919 57.737 56.574 55.429 54.301 53.191 52.098 51.021 49.96 48.915 47.886 46.871 45.872 44.886 43.915 42.958 42.014 41.084
152.077 149.582 147.108 144.657 142.23 139.827 137.448 135.096 132.77 130.47 128.197 125.952 123.735 121.546 119.386 117.254 115.152 113.078 111.034 109.019 107.034 105.078 103.151 101.254 99.385 97.546 95.736 93.954 92.2 90.475 88.778 87.108 85.466 83.85 82.261 80.699 79.162 77.65 76.164 74.702 73.264 71.85 70.46 69.092 67.746 66.423 65.121 63.84 62.58 61.34 60.12 58.919 57.737 56.574 55.429 54.301 53.191 52.098 51.021 49.96 48.915 47.886 46.871 45.872 44.886 43.915 42.958 42.014 41.084
152.077 149.582 147.108 144.657 142.23 139.827 137.448 135.096 132.77 130.47 128.197 125.952 123.735 121.546 119.386 117.254 115.152 113.078 111.034 109.019 107.034 105.078 103.151 101.254 99.385 97.546 95.736 93.954 92.2 90.475 88.778 87.108 85.466 83.85 82.261 80.699 79.162 77.65 76.164 74.702 73.264 71.85 70.46 69.092 67.746 66.423 65.121 63.84 62.58 61.34 60.12 58.919 57.737 56.574 55.429 54.301 53.191 52.098 51.021 49.96 48.915 47.886 46.871 45.872 44.886 43.915 42.958 42.014 41.084
152.077 149.582 147.108 144.657 142.23 139.827 137.448 135.096 132.77 130.47 128.197 125.952 123.735 121.546 119.386 117.254 115.152 113.078 111.034 109.019 107.034 105.078 103.151 101.254 99.385 97.546 95.736 93.954 92.2 90.475 88.778 87.108 85.466 83.85 82.261 80.699 79.162 77.65 76.164 74.702 73.264 71.85 70.46 69.092 67.746 66.423 65.121 63.84 62.58 61.34 60.12 58.919 57.737 56.574 55.429 54.301 53.191 52.098 51.021 49.96 48.915 47.886 46.871 45.872 44.886 43.915 42.958 42.014 41.084
152.077 149.582 147.108 144.657 142.23 139.827 137.448 135.096 132.77 130.47 128.197 125.952 123.735 121.546 119.386 117.254 115.152 113.078 111.034 109.019 107.034 105.078 103.151 101.254 99.385 97.546 95.736 93.954 92.2 90.475 88.778 87.108 85.466 83.85 82.261 80.699 79.162 77.65 76.164 74.702 73.264 71.85 70.46 69.092 67.746 66.423 65.121 63.84 62.58 61.34 60.12 58.919 57.737 56.574 55.429 54.301 53.191 52.098 51.021 49.96 48.915 47.886 46.871 45.872 44.886 43.915 42.958 42.014 41.084
152.077 149.582 147.108 144.657 142.23 139.827 137.448 135.096 132.77 130.47 128.197 125.952 123.735 121.546 119.386 117.254 115.152 113.078 111.034 109.019 107.034 105.078 103.151 101.254 99.385 97.546 95.736 93.954 92.2 90.475 88.778 87.108 85.466 83.85 82.261 80.699 79.162 77.65 76.164 74.702 73.264 71.85 70.46 69.092 67.746 66.423 65.121 63.84 62.58 61.34 60.12 58.919 57.737 56.574 55.429 54.301 53.191 52.098 51.021 49.96 48.915 47.886 46.871 45.872 44.886 43.915 42.958 42.014 41.084
152.077 149.582 147.108 144.657 142.23 139.827 137.448 135.096 132.77 130.47 128.197 125.952 123.735 121.546 119.386 117.254 115.152 113.078 111.034 109.019 107.034 105.078 103.151 101.254 99.385 97.546 95.736 93.954 92.2 90.475 88.778 87.108 85.466 83.85 82.261 80.699 79.162 77.65 76.164 74.702 73.264 71.85 70.46 69.092 67.746 66.423 65.121 63.84 62.58 61.34 60.12 58.919 57.737 56.574 55.429 54.301 53.191 52.098 51.021 49.96 48.915 47.886 46.871 45.872 44.886 43.915 42.958 42.014 41.084
152.077 149.582 147.108 144.657 142.23 139.827 137.448 135.096 132.77 130.47 128.197 125.952 123.735 121.546 119.386 117.254 115.152 113.078 111.034 109.019 107.034 105.078 103.151 101.254 99.385 97.546 95.736 93.954 92.2 90.475 88.778 87.108 85.466 83.85 82.261 80.699 79.162 77.65 76.164 74.702 73.264 71.85 70.46 69.092 67.746 66.423 65.121 63.84 62.58 61.34 60.12 58.919 57.737 56.574 55.429 54.301 53.191 52.098 51.021 49.96 48.915 47.886 46.871 45.872 44.886 43.915 42.958 42.014 41.084
152.077 149.582 147.108 144.657 142.23 139.827 137.448 135.096 132.77 130.47 128.197 125.952 123.735 121.546 119.386 117.254 115.152 113.078 111.034 109.019 107.034 105.078 103.151 101.254 99.385 97.546 95.736 93.954 92.2 90.475 88.778 87.108 85.466 83.85 82.261 80.699 79.162 77.65 76.164 74.702 73.264 71.85 70.46 69.092 67.746 66.423 65.121 63.84 62.58 61.34 60.12 58.919 57.737 56.574 55.429 54.301 53.191 52.098 51.021 49.96 48.915 47.886 46.871 45.872 44.886 43.915 42.958 42.014 41.084
152.077 149.582 147.108 144.657 142.23 139.827 137.448 135.096 132.77 130.47 128.197 125.952 123.735 121.546 119.386 117.254 115.152 113.078 111.034 109.019 107.034 105.078 103.151 101.254 99.385 97.546 95.736 93.954 92.2 90.475 88.778 87.108 85.466 83.85 82.261 80.699 79.162 77.65 76.164 74.702 73.264 71.85 70.46 69.092 67.746 66.423 65.121 63.84 62.58 61.34 60.12 58.919 57.737 56.574 55.429 54.301 53.191 52.098 51.021 49.96 48.915 47.886 46.871 45.872 44.886 43.915 42.958 42.014 41.084
152.077 149.582 147.108 144.657 142.23 139.827 137.448 135.096 132.77 130.47 128.197 125.952 123.735 121.546 119.386 117.254 115.152 113.078 111.034 109.019 107.034 105.078 103.151 101.254 99.385 97.546 95.736 93.954 92.2 90.475 88.778 87.108 85.466 83.85 82.261 80.699 79.162 77.65 76.164 74.702 73.264 71.85 70.46 69.092 67.746 66.423 65.121 63.84 62.58 61.34 60.12 58.919 57.737 56.574 55.429 54.301 53.191 52.098 51.021 49.96 48.915 47.886 46.871 45.872 44.886 43.915 42.958 42.014 41.084
152.077 149.582 147.108 144.657 142.23 139.827 137.448 135.096 132.77 130.47 128.197 125.952 123.735 121.546 119.386 117.254 115.152 113.078 111.034 109.019 107.034 105.078 103.151 101.254 99.385 97.546 95.736 93.954 92.2 90.475 88.778 87.108 85.466 83.85 82.261 80.699 79.162 77.65 76.164 74.702 73.264 71.85 70.46 69.092 67.746 66.423 65.121 63.84 62.58 61.34 60.12 58.919 57.737 56.574 55.429 54.301 53.191 52.098 51.021 49.96 48.915 47.886 46.871 45.872 44.886 43.915 42.958 42.014 41.084
152.077 149.582 147.108 144.657 142.23 139.827 137.448 135.096 132.77 130.47 128.197 125.952 123.735 121.546 119.386 117.254 115.152 113.078 111.034 109.019 107.034 105.078 103.151 101.254 99.385 97.546 95.736 93.954 92.2 90.475 88.778 87.108 85.466 83.85 82.261 80.699 79.162 77.65 76.164 74.702 73.264 71.85 70.46 69.092 67.746 66.423 65.121 63.84 62.58 61.34 60.12 58.919 57.737 56.574 55.429 54.301 53.191 52.098 51.021 49.96 48.915 47.886 46.871 45.872 44.886 43.915 42.958 42.014 41.084
152.077 149.582 147.108 144.657 142.23 139.827 137.448 135.096 132.77 130.47 128.197 125.952 123.735 121.546 119.386 117.254 115.152 113.078 111.034 109.019 107.034 105.078 103.151 101.254 99.385 97.546 95.736 93.954 92.2 90.475 88.778 87.108 85.466 83.85 82.261 80.699 79.162 77.65 76.164 74.702 73.264 71.85 70.46 69.092 67.746 66.423 65.121 63.84 62.58 61.34 60.12 58.919 57.737 56.574 55.429 54.301 53.191 52.098 51.021 49.96 48.915 47.886 46.871 45.872 44.886 43.915 42.958 42.014 41.084
152.077 149.582 147.108 144.657 142.23 139.827 137.448 135.096 132.77 130.47 128.197 125.952 123.735 121.546 119.386 117.254 115.152 113.078 111.034 109.019 107.034 105.078 103.151 101.254 99.385 97.546 95.736 93.954 92.2 90.475 88.778 87.108 85.466 83.85 82.261 80.699 79.162 77.65 76.164 74.702 73.264 71.85 70.46 69.092 67.746 66.423 65.121 63.84 62.58 61.34 60.12 58.919 57.737 56.574 55.429 54.301 53.191 52.098 51.021 49.96 48.915 47.886 46.871 45.872 44.886 43.915 42.958 42.014 41.084
152.077 149.582 147.108 144.657 142.23 139.827 137.448 135.096 132.77 130.47 128.197 125.952 123.735 121.546 119.386 117.254 115.152 113.078 111.034 109.019 107.034 105.078 103.151 101.254 99.385 97.546 95.736 93.954 92.2 90.475 88.778 87.108 85.466 83.85 82.261 80.699 79.162 77.65 76.164 74.702 73.264 71.85 70.46 69.092 67.746 66.423 65.121 63.84 62.58 61.34 60.12 58.919 57.737 56.574 55.429 54.301 53.191 52.098 51.021 49.96 48.915 47.886 46.871 45.872 44.886 43.915 42.958 42.014 41.084
152.077 149.582 147.108 144.657 142.23 139.827 137.448 135.096 132.77 130.47 128.197 125.952 123.735 121.546 119.386 117.254 115.152 113.078 111.034 109.019 107.034 105.078 103.151 101.254 99.385 97.546 95.736 93.954 92.2 90.475 88.778 87.108 85.466 83.85 82.261 80.699 79.162 77.65 76.164 74.702 73.264 71.85 70.46 69.092 67.746 66.423 65.121 63.84 62.58 61.34 60.12 58.919 57.737 56.574 55.429 54.301 53.191 52.098 51.021 49.96 48.915 47.886 46.871 45.872 44.886 43.915 42.958 42.014 41.084
