examples/example1/dhm_mod.asc
ncols         701
nrows         201
xllcenter     2.5
yllcenter     2.5
cellsize      10
NODATA_value  -9999
[rows 0 to 30 of 201, columns 69 to 137 of 701]
-9999 -9999 -9999 -9999 -9999 -9999 -9999 -9999 -9999 -9999 -9999 -9999 -9999 -9999 -9999 -9999 -9999 -9999 -9999 -9999 -9999 -9999 -9999 -9999 -9999 -9999 -9999 -9999 -9999 -9999 -9999 -9999 -9999 -9999 -9999 -9999 -9999 -9999 -9999 -9999 -9999 -9999 -9999 -9999 -9999 -9999 -9999 -9999 -9999 -9999 -9999 -9999 -9999 -9999 -9999 -9999 -9999 -9999 -9999 -9999 -9999 -9999 -9999 -9999 -9999 -9999 -9999 -9999 -9999
831.931 829.484 827.058 824.653 822.269 819.903 817.556 815.227 812.913 810.615 808.332 806.061 803.803 801.556 799.318 797.089 794.868 792.653 790.443 788.238 786.035 783.835 781.634 779.434 777.232 775.027 772.819 770.606 768.388 766.163 763.93 761.69 759.44 757.18 754.909 752.627 750.333 748.027 745.707 743.373 741.026 738.664 736.287 733.895 731.488 729.065 726.626 724.172 721.702 719.217 716.715 714.198 711.666 709.119 706.557 703.98 701.388 698.783 696.164 693.531 690.886 688.229 685.56 682.879 680.187 677.486 674.774 672.053 669.323
831.931 829.484 827.058 824.653 822.269 819.903 817.556 815.227 812.913 810.615 808.332 806.061 803.803 801.556 799.318 797.089 794.868 792.653 790.443 788.238 786.035 783.835 781.634 779.434 777.232 775.027 772.819 770.606 768.388 766.163 763.93 761.69 759.44 757.18 754.909 752.627 750.333 748.027 745.707 743.373 741.026 738.664 736.287 733.895 731.488 729.065 726.626 724.172 721.702 719.217 716.715 714.198 711.666 709.119 706.557 703.98 701.388 698.783 696.164 693.531 690.886 688.229 685.56 682.879 680.187 677.486 674.774 672.053 669.323
831.931 829.484 827.058 824.653 822.269 819.903 817.556 815.227 812.913 810.615 808.332 806.061 803.803 801.556 799.318 797.089 794.868 792.653 790.443 788.238 786.035 783.835 781.634 779.434 777.232 775.027 772.819 770.606 768.388 766.163 763.93 761.69 759.44 757.18 754.909 752.627 750.333 748.027 745.707 743.373 741.026 738.664 736.287 733.895 731.488 729.065 726.626 724.172 721.702 719.217 716.715 714.198 711.666 709.119 706.557 703.98 701.388 698.783 696.164 693.531 690.886 688.229 685.56 682.879 680.187 677.486 674.774 672.053 669.323
831.931 829.484 827.058 824.653 822.269 819.903 817.556 815.227 812.913 810.615 808.332 806.061 803.803 801.556 799.318 797.089 794.868 792.653 790.443 788.238 786.035 783.835 781.634 779.434 777.232 775.027 772.819 770.606 768.388 766.163 763.93 761.69 759.44 757.18 754.909 752.627 750.333 748.027 745.707 743.373 741.026 738.664 736.287 733.895 731.488 729.065 726.626 724.172 721.702 719.217 716.715 714.198 711.666 709.119 706.557 703.98 701.388 698.783 696.164 693.531 690.886 688.229 685.56 682.879 680.187 677.486 674.774 672.053 669.323
831.931 829.484 827.058 824.653 822.269 819.903 817.556 815.227 812.913 810.615 808.332 806.061 803.803 801.556 799.318 797.089 794.868 792.653 790.443 788.238 786.035 783.835 781.634 779.434 777.232 775.027 772.819 770.606 768.388 766.163 763.93 761.69 759.44 757.18 754.909 752.627 750.333 748.027 745.707 743.373 741.026 738.664 736.287 733.895 731.488 729.065 726.626 724.172 721.702 719.217 716.715 714.198 711.666 709.119 706.557 703.98 701.388 698.783 696.164 693.531 690.886 688.229 685.56 682.879 680.187 677.486 674.774 672.053 669.323
831.931 829.484 827.058 824.653 822.269 819.903 817.556 815.227 812.913 810.615 808.332 806.061 803.803 801.556 799.318 797.089 794.868 792.653 790.443 788.238 786.035 783.835 781.634 779.434 777.232 775.027 772.819 770.606 768.388 766.163 763.93 761.69 759.44 757.18 754.909 752.627 750.333 748.027 745.707 743.373 741.026 738.664 736.287 733.895 731.488 729.065 726.626 724.172 721.702 719.217 716.715 714.198 711.666 709.119 706.557 703.98 701.388 698.783 696.164 693.531 690.886 688.229 685.56 682.879 680.187 677.486 674.774 672.053 669.323
831.931 829.484 827.058 824.653 822.269 819.903 817.556 815.227 812.913 810.615 808.332 806.061 803.803 801.556 799.318 797.089 794.868 792.653 790.443 788.238 786.035 783.835 781.634 779.434 777.232 775.027 772.819 770.606 768.388 766.163 763.93 761.69 759.44 757.18 754.909 752.627 750.333 748.027 745.707 743.373 741.026 738.664 736.287 733.895 731.488 729.065 726.626 724.172 721.702 719.217 716.715 714.198 711.666 709.119 706.557 703.98 701.388 698.783 696.164 693.531 690.886 688.229 685.56 682.879 680.187 677.486 674.774 672.053 669.323
831.931 829.484 827.058 824.653 822.269 819.903 817.556 815.227 812.913 810.615 808.332 806.061 803.803 801.556 799.318 797.089 794.868 792.653 790.443 788.238 786.035 783.835 781.634 779.434 777.232 775.027 772.819 770.606 768.388 766.163 763.93 761.69 759.44 757.18 754.909 752.627 750.333 748.027 745.707 743.373 741.026 738.664 736.287 733.895 731.488 729.065 726.626 724.172 721.702 719.217 716.715 714.198 711.666 709.119 706.557 703.98 701.388 698.783 696.164 693.531 690.886 688.229 685.56 682.879 680.187 677.486 674.774 672.053 669.323
831.931 829.484 827.058 824.653 822.269 819.903 817.556 815.227 812.913 810.615 808.332 806.061 803.803 801.556 799.318 797.089 794.868 792.653 790.443 788.238 786.035 783.835 781.634 779.434 777.232 775.027 772.819 770.606 768.388 766.163 763.93 761.69 759.44 757.18 754.909 752.627 750.333 748.027 745.707 743.373 741.026 738.664 736.287 733.895 731.488 729.065 726.626 724.172 721.702 719.217 716.715 714.198 711.666 709.119 706.557 703.98 701.388 698.783 696.164 693.531 690.886 688.229 685.56 682.879 680.187 677.486 674.774 672.053 669.323
831.931 829.484 827.058 824.653 822.269 819.903 817.556 815.227 812.913 810.615 808.332 806.061 803.803 801.556 799.318 797.089 794.868 792.653 790.443 788.238 786.035 783.835 781.634 779.434 777.232 775.027 772.819 770.606 768.388 766.163 763.93 761.69 759.44 757.18 754.909 752.627 750.333 748.027 745.707 743.373 741.026 738.664 736.287 733.895 731.488 729.065 726.626 724.172 721.702 719.217 716.715 714.198 711.666 709.119 706.557 703.98 701.388 698.783 696.164 693.531 690.886 688.229 685.56 682.879 680.187 677.486 674.774 672.053 669.323
831.931 829.484 827.058 824.653 822.269 819.903 817.556 815.227 812.913 810.615 808.332 806.061 803.803 801.556 799.318 797.089 794.868 792.653 790.443 788.238 786.035 783.835 781.634 779.434 777.232 775.027 772.819 770.606 768.388 766.163 763.93 761.69 759.44 757.18 754.909 752.627 750.333 748.027 745.707 743.373 741.026 738.664 736.287 733.895 731.488 729.065 726.626 724.172 721.702 719.217 716.715 714.198 711.666 709.119 706.557 703.98 701.388 698.783 696.164 693.531 690.886 688.229 685.56 682.879 680.187 677.486 674.774 672.053 669.323
831.931 829.484 827.058 824.653 822.269 819.903 817.556 815.227 812.913 810.615 808.332 806.061 803.803 801.556 799.318 797.089 794.868 792.653 790.443 788.238 786.035 783.835 781.634 779.434 777.232 775.027 772.819 770.606 768.388 766.163 763.93 761.69 759.44 757.18 754.909 752.627 750.333 748.027 745.707 743.373 741.026 738.664 736.287 733.895 731.488 729.065 726.626 724.172 721.702 719.217 716.715 714.198 711.666 709.119 706.557 703.98 701.388 698.783 696.164 693.531 690.886 688.229 685.56 682.879 680.187 677.486 674.774 672.053 669.323
831.931 829.484 827.058 824.653 822.269 819.903 817.556 815.227 812.913 810.615 808.332 806.061 803.803 801.556 799.318 797.089 794.868 792.653 790.443 788.238 786.035 783.835 781.634 779.434 777.232 775.027 772.819 770.606 768.388 766.163 763.93 761.69 759.44 757.18 754.909 752.627 750.333 748.027 745.707 743.373 741.026 738.664 736.287 733.895 731.488 729.065 726.626 724.172 721.702 719.217 716.715 714.198 711.666 709.119 706.557 703.98 701.388 698.783 696.164 693.531 690.886 688.229 685.56 682.879 680.187 677.486 674.774 672.053 669.323
831.931 829.484 827.058 824.653 822.269 819.903 817.556 815.227 812.913 810.615 808.332 806.061 803.803 801.556 799.318 797.089 794.868 792.653 790.443 788.238 786.035 783.835 781.634 779.434 777.232 775.027 772.819 770.606 768.388 766.163 763.93 761.69 759.44 757.18 754.909 752.627 750.333 748.027 745.707 743.373 741.026 738.664 736.287 733.895 731.488 729.065 726.626 724.172 721.702 719.217 716.715 714.198 711.666 709.119 706.557 703.98 701.388 698.783 696.164 693.531 690.886 688.229 685.56 682.879 680.187 677.486 674.774 672.053 669.323
831.931 829.484 827.058 824.653 822.269 819.903 817.556 815.227 812.913 810.615 808.332 806.061 803.803 801.556 799.318 797.089 794.868 792.653 790.443 788.238 786.035 783.835 781.634 779.434 777.232 775.027 772.819 770.606 768.388 766.163 763.93 761.69 759.44 757.18 754.909 752.627 750.333 748.027 745.707 743.373 741.026 738.664 736.287 733.895 731.488 729.065 726.626 724.172 721.702 719.217 716.715 714.198 711.666 709.119 706.557 703.98 701.388 698.783 696.164 693.531 690.886 688.229 685.56 682.879 680.187 677.486 674.774 672.053 669.323
831.931 829.484 827.058 824.653 822.269 819.903 817.556 815.227 812.913 810.615 808.332 806.061 803.803 801.556 799.318 797.089 794.868 792.653 790.443 788.238 786.035 783.835 781.634 779.434 777.232 775.027 772.819 770.606 768.388 766.163 763.93 761.69 759.44 757.18 754.909 752.627 750.333 748.027 745.707 743.373 741.026 738.664 736.287 733.895 731.488 729.065 726.626 724.172 721.702 719.217 716.715 714.198 711.666 709.119 706.557 703.98 701.388 698.783 696.164 693.531 690.886 688.229 685.56 682.879 680.187 677.486 674.774 672.053 669.323
831.931 829.484 827.058 824.653 822.269 819.903 817.556 815.227 812.913 810.615 808.332 806.061 803.803 801.556 799.318 797.089 794.868 792.653 790.443 788.238 786.035 783.835 781.634 779.434 777.232 775.027 772.819 770.606 768.388 766.163 763.93 761.69 759.44 757.18 754.909 752.627 750.333 748.027 745.707 743.373 741.026 738.664 736.287 733.895 731.488 729.065 726.626 724.172 721.702 719.217 716.715 714.198 711.666 709.119 706.557 703.98 701.388 698.783 696.164 693.531 690.886 688.229 685.56 682.879 680.187 677.486 674.774 672.053 669.323
831.931 829.484 827.058 824.653 822.269 819.903 817.556 815.227 812.913 810.615 808.332 806.061 803.803 801.556 799.318 797.089 794.868 792.653 790.443 788.238 786.035 783.835 781.634 779.434 777.232 775.027 772.819 770.606 768.388 766.163 763.93 761.69 759.44 757.18 754.909 752.627 750.333 748.027 745.707 743.373 741.026 738.664 736.287 733.895 731.488 729.065 726.626 724.172 721.702 719.217 716.715 714.198 711.666 709.119 706.557 703.98 701.388 698.783 696.164 693.531 690.886 688.229 685.56 682.879 680.187 677.486 674.774 672.053 669.323
831.931 829.484 827.058 824.653 822.269 819.903 817.556 815.227 812.913 810.615 808.332 806.061 803.803 801.556 799.318 797.089 794.868 792.653 790.443 788.238 786.035 783.835 781.634 779.434 777.232 775.027 772.819 770.606 768.388 766.163 763.93 761.69 759.44 757.18 754.909 752.627 750.333 748.027 745.707 743.373 741.026 738.664 736.287 733.895 731.488 729.065 726.626 724.172 721.702 719.217 716.715 714.198 711.666 709.119 706.557 703.98 701.388 698.783 696.164 693.531 690.886 688.229 685.56 682.879 680.187 677.486 674.774 672.053 669.323
831.931 829.484 827.058 824.653 822.269 819.903 817.556 815.227 812.913 810.615 808.332 806.061 803.803 801.556 799.318 797.089 794.868 792.653 790.443 788.238 786.035 783.835 781.634 779.434 777.232 775.027 772.819 770.606 768.388 766.163 763.93 761.69 759.44 757.18 754.909 752.627 750.333 748.027 745.707 743.373 741.026 738.664 736.287 733.895 731.488 729.065 726.626 724.172 721.702 719.217 716.715 714.198 711.666 709.119 706.557 703.98 701.388 698.783 696.164 693.531 690.886 688.229 685.56 682.879 680.187 677.486 674.774 672.053 669.323
831.931 829.484 827.058 824.653 822.269 819.903 817.556 815.227 812.913 810.615 808.332 806.061 803.803 801.556 799.318 797.089 794.868 792.653 790.443 788.238 786.035 783.835 781.634 779.434 777.232 775.027 772.819 770.606 768.388 766.163 763.93 761.69 759.44 757.18 754.909 752.627 750.333 748.027 745.707 743.373 741.026 738.664 736.287 733.895 731.488 729.065 726.626 724.172 721.702 719.217 716.715 714.198 711.666 709.119 706.557 703.98 701.388 698.783 696.164 693.531 690.886 688.229 685.56 682.879 680.187 677.486 674.774 672.053 669.323
831.931 829.484 827.058 824.653 822.269 819.903 817.556 815.227 812.913 810.615 808.332 806.061 803.803 801.556 799.318 797.089 794.868 792.653 790.443 788.238 786.035 783.835 781.634 779.434 777.232 775.027 772.819 770.606 768.388 766.163 763.93 761.69 759.44 757.18 754.909 752.627 750.333 748.027 745.707 743.373 741.026 738.664 736.287 733.895 731.488 729.065 726.626 724.172 721.702 719.217 716.715 714.198 711.666 709.119 706.557 703.98 701.388 698.783 696.164 693.531 690.886 688.229 685.56 682.879 680.187 677.486 674.774 672.053 669.323
831.931 829.484 827.058 824.653 822.269 819.903 817.556 815.227 812.913 810.615 808.332 806.061 803.803 801.556 799.318 797.089 794.868 792.653 790.443 788.238 786.035 783.835 781.634 779.434 777.232 775.027 772.819 770.606 768.388 766.163 763.93 761.69 759.44 757.18 754.909 752.627 750.333 748.027 745.707 743.373 741.026 738.664 736.287 733.895 731.488 729.065 726.626 724.172 721.702 719.217 716.715 714.198 711.666 709.119 706.557 703.98 701.388 698.783 696.164 693.531 690.886 688.229 685.56 682.879 680.187 677.486 674.774 672.053 669.323
831.931 829.484 827.058 824.653 822.269 819.903 817.556 815.227 812.913 810.615 808.332 806.061 803.803 801.556 799.318 797.089 794.868 792.653 790.443 788.238 786.035 783.835 781.634 779.434 777.232 775.027 772.819 770.606 768.388 766.163 763.93 761.69 759.44 757.18 754.909 752.627 750.333 748.027 745.707 743.373 741.026 738.664 736.287 733.895 731.488 729.065 726.626 724.172 721.702 719.217 716.715 714.198 711.666 709.119 706.557 703.98 701.388 698.783 696.164 693.531 690.886 688.229 685.56 682.879 680.187 677.486 674.774 672.053 669.323
831.931 829.484 827.058 824.653 822.269 819.903 817.556 815.227 812.913 810.615 808.332 806.061 803.803 801.556 799.318 797.089 794.868 792.653 790.443 788.238 786.035 783.835 781.634 779.434 777.232 775.027 772.819 770.606 768.388 766.163 763.93 761.69 759.44 757.18 754.909 752.627 750.333 748.027 745.707 743.373 741.026 738.664 736.287 733.895 731.488 729.065 726.626 724.172 721.702 719.217 716.715 714.198 711.666 709.119 706.557 703.98 701.388 698.783 696.164 693.531 690.886 688.229 685.56 682.879 680.187 677.486 674.774 672.053 669.323
831.931 829.484 827.058 824.653 822.269 819.903 817.556 815.227 812.913 810.615 808.332 806.061 803.803 801.556 799.318 797.089 794.868 792.653 790.443 788.238 786.035 783.835 781.634 779.434 777.232 775.027 772.819 770.606 768.388 766.163 763.93 761.69 759.44 757.18 754.909 752.627 750.333 748.027 745.707 743.373 741.026 738.664 736.287 733.895 731.488 729.065 726.626 724.172 721.702 719.217 716.715 714.198 711.666 709.119 706.557 703.98 701.388 698.783 696.164 693.531 690.886 688.229 685.56 682.879 680.187 677.486 674.774 672.053 669.323
831.931 829.484 827.058 824.653 822.269 819.903 817.556 815.227 812.913 810.615 808.332 806.061 803.803 801.556 799.318 797.089 794.868 792.653 790.443 788.238 786.035 783.835 781.634 779.434 777.232 775.027 772.819 770.606 768.388 766.163 763.93 761.69 759.44 757.18 754.909 752.627 750.333 748.027 745.707 743.373 741.026 738.664 736.287 733.895 731.488 729.065 726.626 724.172 721.702 719.217 716.715 714.198 711.666 709.119 706.557 703.98 701.388 698.783 696.164 693.531 690.886 688.229 685.56 682.879 680.187 677.486 674.774 672.053 669.323
831.931 829.484 827.058 824.653 822.269 819.903 817.556 815.227 812.913 810.615 808.332 806.061 803.803 801.556 799.318 797.089 794.868 792.653 790.443 788.238 786.035 783.835 781.634 779.434 777.232 775.027 772.819 770.606 768.388 766.163 763.93 761.69 759.44 757.18 754.909 752.627 750.333 748.027 745.707 743.373 741.026 738.664 736.287 733.895 731.488 729.065 726.626 724.172 721.702 719.217 716.715 714.198 711.666 709.119 706.557 703.98 701.388 698.783 696.164 693.531 690.886 688.229 685.56 682.879 680.187 677.486 674.774 672.053 669.323
831.931 829.484 827.058 824.653 822.269 819.903 817.556 815.227 812.913 810.615 808.332 806.061 803.803 801.556 799.318 797.089 794.868 792.653 790.443 788.238 786.035 783.835 781.634 779.434 777.232 775.027 772.819 770.606 768.388 766.163 763.93 761.69 759.44 757.18 754.909 752.627 750.333 748.027 745.707 743.373 741.026 738.664 736.287 733.895 731.488 729.065 726.626 724.172 721.702 719.217 716.715 714.198 711.666 709.119 706.557 703.98 701.388 698.783 696.164 693.531 690.886 688.229 685.56 682.879 680.187 677.486 674.774 672.053 669.323
831.931 829.484 827.058 824.653 822.269 819.903 817.556 815.227 812.913 810.615 808.332 806.061 803.803 801.556 799.318 797.089 794.868 792.653 790.443 788.238 786.035 783.835 781.634 779.434 777.232 775.027 772.819 770.606 768.388 766.163 763.93 761.69 759.44 757.18 754.909 752.627 750.333 748.027 745.707 743.373 741.026 738.664 736.287 733.895 731.488 729.065 726.626 724.172 721.702 719.217 716.715 714.198 711.666 709.119 706.557 703.98 701.388 698.783 696.164 693.531 690.886 688.229 685.56 682.879 680.187 677.486 674.774 672.053 669.323
